0.000000000000000000e+00	7.284703731359016832e-01
1.000000000000000000e+00	5.908584791956073001e-01
2.000000000000000000e+00	4.031683131675578013e-01
3.000000000000000000e+00	1.829840236698036804e-01
4.000000000000000000e+00	1.185235605707442852e-01
5.000000000000000000e+00	3.470601716978989615e-02
6.000000000000000000e+00	1.254904114916464974e-02
7.000000000000000000e+00	7.303212661620902060e-03
8.000000000000000000e+00	4.142938692059931587e-03
9.000000000000000000e+00	2.930471041405304997e-03
1.000000000000000000e+01	1.720329017151037577e-03
1.100000000000000000e+01	1.221379613671656978e-03
1.200000000000000000e+01	8.461544309259236372e-04
1.300000000000000000e+01	6.453601683736340331e-04
1.400000000000000000e+01	4.922680583641797242e-04
1.500000000000000000e+01	3.739160409894865607e-04
1.600000000000000000e+01	2.834197864840566237e-04
1.700000000000000000e+01	2.475924552449589554e-04
1.800000000000000000e+01	1.983016106751285860e-04
1.900000000000000000e+01	1.511327583558410171e-04
2.000000000000000000e+01	1.247119099631591914e-04
2.100000000000000000e+01	1.027792876751359503e-04
2.200000000000000000e+01	9.052701907264704899e-05
2.300000000000000000e+01	7.886323378103575618e-05
2.400000000000000000e+01	6.950545804467593862e-05
2.500000000000000000e+01	6.496166403386659303e-05
2.600000000000000000e+01	5.501988947672130468e-05
2.700000000000000000e+01	4.606269051830312090e-05
2.800000000000000000e+01	3.976313717798974376e-05
2.900000000000000000e+01	3.720704807339794191e-05
3.000000000000000000e+01	3.074958764461597843e-05
3.100000000000000000e+01	2.737160082162432440e-05
3.200000000000000000e+01	2.497214302728536589e-05
3.300000000000000000e+01	2.206366721904057200e-05
3.400000000000000000e+01	2.079752306130427546e-05
3.500000000000000000e+01	1.971518618181630205e-05
3.600000000000000000e+01	1.787450655168062853e-05
3.700000000000000000e+01	1.552655982373300471e-05
3.800000000000000000e+01	1.362592187699963483e-05
3.900000000000000000e+01	1.253552629130968230e-05
4.000000000000000000e+01	1.148763496437374918e-05
4.100000000000000000e+01	1.029528193449286923e-05
4.200000000000000000e+01	9.934542970998954387e-06
4.300000000000000000e+01	8.966289878033332383e-06
4.400000000000000000e+01	7.787598150151976397e-06
4.500000000000000000e+01	6.981838233920972887e-06
4.600000000000000000e+01	6.807793108049799873e-06
4.700000000000000000e+01	6.256841364672277854e-06
4.800000000000000000e+01	5.855924595843079509e-06
4.900000000000000000e+01	5.001372233241097398e-06
5.000000000000000000e+01	4.691263207069138563e-06
5.100000000000000000e+01	4.282391972218028782e-06
5.200000000000000000e+01	3.980915037954517714e-06
5.300000000000000000e+01	3.785544097896373663e-06
5.400000000000000000e+01	3.618245510287752824e-06
5.500000000000000000e+01	3.024455261481942087e-06
5.600000000000000000e+01	2.986441478045918729e-06
5.700000000000000000e+01	2.825571382663358352e-06
5.800000000000000000e+01	2.737151098410739916e-06
5.900000000000000000e+01	2.449324810854199689e-06
6.000000000000000000e+01	2.363714407004580099e-06
6.100000000000000000e+01	2.351857878644363979e-06
6.200000000000000000e+01	2.018221916374512538e-06
6.300000000000000000e+01	1.856728647667182646e-06
6.400000000000000000e+01	1.800169286395002284e-06
6.500000000000000000e+01	1.677560541848341770e-06
6.600000000000000000e+01	1.580867413523868947e-06
6.700000000000000000e+01	1.532289108645488245e-06
6.800000000000000000e+01	1.410028628653398390e-06
6.900000000000000000e+01	1.375695681976602432e-06
7.000000000000000000e+01	1.307352747732252336e-06
7.100000000000000000e+01	1.244734855441241100e-06
7.200000000000000000e+01	1.135467916951625052e-06
7.300000000000000000e+01	1.053195110601839121e-06
7.400000000000000000e+01	1.014955306461980130e-06
7.500000000000000000e+01	9.638343864681748008e-07
7.600000000000000000e+01	8.895026374219052592e-07
7.700000000000000000e+01	8.161900955812391754e-07
7.800000000000000000e+01	7.960945412928782499e-07
7.900000000000000000e+01	7.723370374620125241e-07
8.000000000000000000e+01	7.308048791695771304e-07
8.100000000000000000e+01	6.885628178395295796e-07
8.200000000000000000e+01	6.526113377615950082e-07
8.300000000000000000e+01	6.112858955486879865e-07
8.400000000000000000e+01	5.752945014399362939e-07
8.500000000000000000e+01	5.532415315574840958e-07
8.600000000000000000e+01	5.242422043475442777e-07
8.700000000000000000e+01	4.780607278380169937e-07
8.800000000000000000e+01	4.738214332018798744e-07
8.900000000000000000e+01	4.431647712627250046e-07
9.000000000000000000e+01	4.179552392809814811e-07
9.100000000000000000e+01	4.026498393591897416e-07
9.200000000000000000e+01	3.715255844716564405e-07
9.300000000000000000e+01	3.684525495685183257e-07
9.400000000000000000e+01	3.412363698334047836e-07
9.500000000000000000e+01	3.422331533364073577e-07
9.600000000000000000e+01	3.133303208087240922e-07
9.700000000000000000e+01	3.071527343346303305e-07
9.800000000000000000e+01	2.741297194017262004e-07
9.900000000000000000e+01	2.810112233984139003e-07
1.000000000000000000e+02	2.627494337160609028e-07
1.010000000000000000e+02	2.427285769398665139e-07
1.020000000000000000e+02	2.378436812750316804e-07
1.030000000000000000e+02	2.366436246843850427e-07
1.040000000000000000e+02	2.258587203777404320e-07
1.050000000000000000e+02	2.108148398393532672e-07
1.060000000000000000e+02	2.014969231428033025e-07
1.070000000000000000e+02	1.922956454938989289e-07
1.080000000000000000e+02	1.798321531444409197e-07
1.090000000000000000e+02	1.825737306411542350e-07
1.100000000000000000e+02	1.770471399398523116e-07
1.110000000000000000e+02	1.613566700170000051e-07
1.120000000000000000e+02	1.529868955335767402e-07
1.130000000000000000e+02	1.444296027200420247e-07
1.140000000000000000e+02	1.432766692347027283e-07
1.150000000000000000e+02	1.340360483056447571e-07
1.160000000000000000e+02	1.267632097333259726e-07
1.170000000000000000e+02	1.208989641056807849e-07
1.180000000000000000e+02	1.126688423792250651e-07
1.190000000000000000e+02	1.109675649784569099e-07
1.200000000000000000e+02	1.053586381863370520e-07
1.210000000000000000e+02	1.007022560439781752e-07
1.220000000000000000e+02	9.652301927108397403e-08
1.230000000000000000e+02	8.975735482626336983e-08
1.240000000000000000e+02	9.168266258399068302e-08
1.250000000000000000e+02	8.554346117040469053e-08
1.260000000000000000e+02	8.212455288005101150e-08
1.270000000000000000e+02	8.083416854791720657e-08
1.280000000000000000e+02	7.675860850259912251e-08
1.290000000000000000e+02	7.604260894896695230e-08
1.300000000000000000e+02	7.333111687742088347e-08
1.310000000000000000e+02	6.897904540672242045e-08
1.320000000000000000e+02	6.983646532791792327e-08
1.330000000000000000e+02	6.708875368503429960e-08
1.340000000000000000e+02	6.554025443295492021e-08
1.350000000000000000e+02	6.183348964012400937e-08
1.360000000000000000e+02	6.160636439624671056e-08
1.370000000000000000e+02	5.858843917823543810e-08
1.380000000000000000e+02	5.458951541301656921e-08
1.390000000000000000e+02	5.263513453791969241e-08
1.400000000000000000e+02	5.121517024665421442e-08
1.410000000000000000e+02	5.065772042188227523e-08
1.420000000000000000e+02	4.758340147304110909e-08
1.430000000000000000e+02	4.523932769905595453e-08
1.440000000000000000e+02	4.394269755402761240e-08
1.450000000000000000e+02	4.295546150734586317e-08
1.460000000000000000e+02	4.117709472175242893e-08
1.470000000000000000e+02	3.880457020334699878e-08
1.480000000000000000e+02	3.894607781360770849e-08
1.490000000000000000e+02	3.661125325389436788e-08
1.500000000000000000e+02	3.434144117093066763e-08
1.510000000000000000e+02	3.556121412538049558e-08
1.520000000000000000e+02	3.357074378026103308e-08
1.530000000000000000e+02	3.158604570470752995e-08
1.540000000000000000e+02	3.121775017716901948e-08
1.550000000000000000e+02	2.981855726967270996e-08
1.560000000000000000e+02	2.926837955999091126e-08
1.570000000000000000e+02	2.818611788574437720e-08
1.580000000000000000e+02	2.622780461226195558e-08
1.590000000000000000e+02	2.550133703354041963e-08
1.600000000000000000e+02	2.515220167113376461e-08
1.610000000000000000e+02	2.362867379416304759e-08
1.620000000000000000e+02	2.357843954893183331e-08
1.630000000000000000e+02	2.272479130021804942e-08
1.640000000000000000e+02	2.159771520404197615e-08
1.650000000000000000e+02	2.188004623313058156e-08
1.660000000000000000e+02	2.019335384081114045e-08
1.670000000000000000e+02	2.000036228727090974e-08
1.680000000000000000e+02	1.985093163047921162e-08
1.690000000000000000e+02	1.811402449338720267e-08
1.700000000000000000e+02	1.814060526357964298e-08
1.710000000000000000e+02	1.703982202941915351e-08
1.720000000000000000e+02	1.755743581173680576e-08
1.730000000000000000e+02	1.665031530621853850e-08
1.740000000000000000e+02	1.622948501112442617e-08
1.750000000000000000e+02	1.540239728675064824e-08
1.760000000000000000e+02	1.523005713997681652e-08
1.770000000000000000e+02	1.454076667802893750e-08
1.780000000000000000e+02	1.450374200624412756e-08
1.790000000000000000e+02	1.328072421403897689e-08
1.800000000000000000e+02	1.285097751857897767e-08
1.810000000000000000e+02	1.282376570541258617e-08
1.820000000000000000e+02	1.253665724415631387e-08
1.830000000000000000e+02	1.196900146621758478e-08
1.840000000000000000e+02	1.145360962196693838e-08
1.850000000000000000e+02	1.110884859968063231e-08
1.860000000000000000e+02	1.037665597752692260e-08
1.870000000000000000e+02	1.039477628320654407e-08
1.880000000000000000e+02	9.955446035887578656e-09
1.890000000000000000e+02	9.609972739929635324e-09
1.900000000000000000e+02	9.146091174674454967e-09
1.910000000000000000e+02	8.966190891970637523e-09
1.920000000000000000e+02	8.881788578673811595e-09
1.930000000000000000e+02	8.452084663990995612e-09
1.940000000000000000e+02	7.928258994907419309e-09
1.950000000000000000e+02	7.652000096329435327e-09
1.960000000000000000e+02	7.561832744707879368e-09
1.970000000000000000e+02	7.190614313434160892e-09
1.980000000000000000e+02	7.026612653638007762e-09
1.990000000000000000e+02	6.896568289775051883e-09
2.000000000000000000e+02	6.722053736430649149e-09
2.010000000000000000e+02	6.460631018577828628e-09
2.020000000000000000e+02	6.205771563423919847e-09
2.030000000000000000e+02	5.971033193856825715e-09
2.040000000000000000e+02	5.853636185445681529e-09
2.050000000000000000e+02	5.732239842890366920e-09
2.060000000000000000e+02	5.383747325122860020e-09
2.070000000000000000e+02	5.414503511651972730e-09
2.080000000000000000e+02	5.176726558706349233e-09
2.090000000000000000e+02	5.143108968922041179e-09
2.100000000000000000e+02	4.817964136674010996e-09
2.110000000000000000e+02	4.807434110265619813e-09
2.120000000000000000e+02	4.614906448830949203e-09
2.130000000000000000e+02	4.566830858342460067e-09
2.140000000000000000e+02	4.392932419607386657e-09
2.150000000000000000e+02	4.154038619990594039e-09
2.160000000000000000e+02	4.110532706001233708e-09
2.170000000000000000e+02	4.057668609027697912e-09
2.180000000000000000e+02	3.869938003562949133e-09
2.190000000000000000e+02	3.786828214354448244e-09
2.200000000000000000e+02	3.646156254903575676e-09
2.210000000000000000e+02	3.499756647766233587e-09
2.220000000000000000e+02	3.436807991093496979e-09
2.230000000000000000e+02	3.259667172010586330e-09
2.240000000000000000e+02	3.293409900233678185e-09
2.250000000000000000e+02	3.172901820480403664e-09
2.260000000000000000e+02	3.132606889790619082e-09
2.270000000000000000e+02	2.982351069073508656e-09
2.280000000000000000e+02	2.927854203990694062e-09
2.290000000000000000e+02	2.814265790593776407e-09
2.300000000000000000e+02	2.747100189182733534e-09
2.310000000000000000e+02	2.633214355176959898e-09
2.320000000000000000e+02	2.628387322597824730e-09
2.330000000000000000e+02	2.460027257533434710e-09
2.340000000000000000e+02	2.425282208228356398e-09
2.350000000000000000e+02	2.393077938498596151e-09
2.360000000000000000e+02	2.332339602093236488e-09
2.370000000000000000e+02	2.242604134938046245e-09
2.380000000000000000e+02	2.138505184336846663e-09
2.390000000000000000e+02	2.053707907991575622e-09
2.400000000000000000e+02	1.944805926808723851e-09
2.410000000000000000e+02	2.038008852588968737e-09
2.420000000000000000e+02	1.910528966341642967e-09
2.430000000000000000e+02	1.866292347718102027e-09
2.440000000000000000e+02	1.824756257436433176e-09
2.450000000000000000e+02	1.723285643866836065e-09
2.460000000000000000e+02	1.661000543012752553e-09
2.470000000000000000e+02	1.612814237462158599e-09
2.480000000000000000e+02	1.557828324479811414e-09
2.490000000000000000e+02	1.553289363116859315e-09
2.500000000000000000e+02	1.498969228177921006e-09
2.510000000000000000e+02	1.479883457654780596e-09
2.520000000000000000e+02	1.420855283587367398e-09
2.530000000000000000e+02	1.344606518172694313e-09
2.540000000000000000e+02	1.308404678734864386e-09
2.550000000000000000e+02	1.297076365733712793e-09
2.560000000000000000e+02	1.278790535120839808e-09
2.570000000000000000e+02	1.227048820331198705e-09
2.580000000000000000e+02	1.190361783404385558e-09
2.590000000000000000e+02	1.170695974305851184e-09
2.600000000000000000e+02	1.139078464021301040e-09
2.610000000000000000e+02	1.130482905872597403e-09
2.620000000000000000e+02	1.107455889438256799e-09
2.630000000000000000e+02	1.063105583363465904e-09
2.640000000000000000e+02	1.035134685746296831e-09
2.650000000000000000e+02	9.945022853985345573e-10
2.660000000000000000e+02	9.767705274822781222e-10
2.670000000000000000e+02	9.377196839672712992e-10
2.680000000000000000e+02	9.169710657685462011e-10
2.690000000000000000e+02	8.901311578961567956e-10
2.700000000000000000e+02	8.769752918510363539e-10
2.710000000000000000e+02	8.500767287773111840e-10
2.720000000000000000e+02	8.231311806504269157e-10
2.730000000000000000e+02	8.091025642232583575e-10
2.740000000000000000e+02	7.751830582657714763e-10
2.750000000000000000e+02	7.631338396287348446e-10
2.760000000000000000e+02	7.503547744570598126e-10
2.770000000000000000e+02	7.223473500836696039e-10
2.780000000000000000e+02	6.873038180577387201e-10
2.790000000000000000e+02	6.792253695955235626e-10
2.800000000000000000e+02	6.701058812273605890e-10
2.810000000000000000e+02	6.509582493642182841e-10
2.820000000000000000e+02	6.291157715127499420e-10
2.830000000000000000e+02	6.246994336076648700e-10
2.840000000000000000e+02	5.986434981841905850e-10
2.850000000000000000e+02	5.920746188906991080e-10
2.860000000000000000e+02	5.783335338297559864e-10
2.870000000000000000e+02	5.645060179372211399e-10
2.880000000000000000e+02	5.571274655697964340e-10
2.890000000000000000e+02	5.414827482402611589e-10
2.900000000000000000e+02	5.307576467377703847e-10
2.910000000000000000e+02	5.169089697924605798e-10
2.920000000000000000e+02	4.999939762389336190e-10
2.930000000000000000e+02	4.948905266898569887e-10
2.940000000000000000e+02	4.709061748603145280e-10
2.950000000000000000e+02	4.531400032052561645e-10
2.960000000000000000e+02	4.458543821713673435e-10
2.970000000000000000e+02	4.374191642625702703e-10
2.980000000000000000e+02	4.254221551962075511e-10
2.990000000000000000e+02	4.186928053509874303e-10
3.000000000000000000e+02	3.994220831069141242e-10
3.010000000000000000e+02	3.905467320477365013e-10
3.020000000000000000e+02	3.843815249543167177e-10
3.030000000000000000e+02	3.749267100536691248e-10
3.040000000000000000e+02	3.672284392909674158e-10
3.050000000000000000e+02	3.666005611275300153e-10
3.060000000000000000e+02	3.512840663936226919e-10
3.070000000000000000e+02	3.443690756133898231e-10
3.080000000000000000e+02	3.442100010354198611e-10
3.090000000000000000e+02	3.305883007764190393e-10
3.100000000000000000e+02	3.309421725065201028e-10
3.110000000000000000e+02	3.226782804545047853e-10
3.120000000000000000e+02	3.128342986180402279e-10
3.130000000000000000e+02	3.024789741392066528e-10
3.140000000000000000e+02	2.916891437214038377e-10
3.150000000000000000e+02	2.900391286749433732e-10
3.160000000000000000e+02	2.844764377999273517e-10
3.170000000000000000e+02	2.743522149423201599e-10
3.180000000000000000e+02	2.713271405042787812e-10
3.190000000000000000e+02	2.622368530249124859e-10
3.200000000000000000e+02	2.616588026670864460e-10
3.210000000000000000e+02	2.539763309691297939e-10
3.220000000000000000e+02	2.455587653667807315e-10
3.230000000000000000e+02	2.421089485956689326e-10
3.240000000000000000e+02	2.364402562376981093e-10
3.250000000000000000e+02	2.326927986298290956e-10
3.260000000000000000e+02	2.271143943543855727e-10
3.270000000000000000e+02	2.198856403342612231e-10
3.280000000000000000e+02	2.102941984536277462e-10
3.290000000000000000e+02	2.114676038119108975e-10
3.300000000000000000e+02	1.984008778180774545e-10
3.310000000000000000e+02	2.020374672269071443e-10
3.320000000000000000e+02	1.940350449011013671e-10
3.330000000000000000e+02	1.922987800480966149e-10
3.340000000000000000e+02	1.852328631149427639e-10
3.350000000000000000e+02	1.828355535679299791e-10
3.360000000000000000e+02	1.773204799837024551e-10
3.370000000000000000e+02	1.754971845050792135e-10
3.380000000000000000e+02	1.739887454194928903e-10
3.390000000000000000e+02	1.713456247089625078e-10
3.400000000000000000e+02	1.619416606087126619e-10
3.410000000000000000e+02	1.604945443392714038e-10
3.420000000000000000e+02	1.587860581199232890e-10
3.430000000000000000e+02	1.523701540102611089e-10
3.440000000000000000e+02	1.474116934506590092e-10
3.450000000000000000e+02	1.448672038872608672e-10
3.460000000000000000e+02	1.381082436601778638e-10
3.470000000000000000e+02	1.346310790524548448e-10
3.480000000000000000e+02	1.331532838327788308e-10
3.490000000000000000e+02	1.311557055793175042e-10
3.500000000000000000e+02	1.262775589895240374e-10
3.510000000000000000e+02	1.255652226534532778e-10
3.520000000000000000e+02	1.226681328124521535e-10
3.530000000000000000e+02	1.177021704537780656e-10
3.540000000000000000e+02	1.135804965379052246e-10
3.550000000000000000e+02	1.102659445767747354e-10
3.560000000000000000e+02	1.090565951860341492e-10
3.570000000000000000e+02	1.061420647037941103e-10
3.580000000000000000e+02	1.034354896218276429e-10
3.590000000000000000e+02	1.027573718411463198e-10
3.600000000000000000e+02	1.007816346484559495e-10
3.610000000000000000e+02	9.774663669734063909e-11
3.620000000000000000e+02	9.733119875282089631e-11
3.630000000000000000e+02	9.478973264967117203e-11
3.640000000000000000e+02	9.222145108023482302e-11
3.650000000000000000e+02	9.077421103005652013e-11
3.660000000000000000e+02	8.953662771060941553e-11
3.670000000000000000e+02	8.768169218331330067e-11
3.680000000000000000e+02	8.613237566789403356e-11
3.690000000000000000e+02	8.471771924181138954e-11
3.700000000000000000e+02	8.442703175893868836e-11
3.710000000000000000e+02	8.119730872694546211e-11
3.720000000000000000e+02	7.945008444388399094e-11
3.730000000000000000e+02	7.927886580261721988e-11
3.740000000000000000e+02	7.694071038821305538e-11
3.750000000000000000e+02	7.453058410775512643e-11
3.760000000000000000e+02	7.246912349582760819e-11
3.770000000000000000e+02	7.092657561695127817e-11
3.780000000000000000e+02	6.912195701951939605e-11
3.790000000000000000e+02	6.781363026433974122e-11
3.800000000000000000e+02	6.594916898562682649e-11
3.810000000000000000e+02	6.484765776779829770e-11
3.820000000000000000e+02	6.269835574092033225e-11
3.830000000000000000e+02	6.144120198847701774e-11
3.840000000000000000e+02	5.951257929747824544e-11
3.850000000000000000e+02	5.828845821639088916e-11
3.860000000000000000e+02	5.662797534883796486e-11
3.870000000000000000e+02	5.547818535501555759e-11
3.880000000000000000e+02	5.469692504734877914e-11
3.890000000000000000e+02	5.307211234160612361e-11
3.900000000000000000e+02	5.224816060113416654e-11
3.910000000000000000e+02	5.017033125220299711e-11
3.920000000000000000e+02	4.905755897142870612e-11
3.930000000000000000e+02	4.829280943154747479e-11
3.940000000000000000e+02	4.641862859801859516e-11
3.950000000000000000e+02	4.585405038933726781e-11
3.960000000000000000e+02	4.455652738625652124e-11
3.970000000000000000e+02	4.288359588948658249e-11
3.980000000000000000e+02	4.286031138956547842e-11
3.990000000000000000e+02	4.138385237416032299e-11
4.000000000000000000e+02	4.111313421461221068e-11
4.010000000000000000e+02	3.937302696878083829e-11
4.020000000000000000e+02	3.872281597465293724e-11
4.030000000000000000e+02	3.829141405689509791e-11
4.040000000000000000e+02	3.756267238070778502e-11
4.050000000000000000e+02	3.641907236927614320e-11
4.060000000000000000e+02	3.542410334761779496e-11
4.070000000000000000e+02	3.487361881575593588e-11
4.080000000000000000e+02	3.349068278407277829e-11
4.090000000000000000e+02	3.331473943187586528e-11
4.100000000000000000e+02	3.214167217045953933e-11
4.110000000000000000e+02	3.137565583836187619e-11
4.120000000000000000e+02	2.973578573698060128e-11
4.130000000000000000e+02	2.978113497932776332e-11
4.140000000000000000e+02	2.890714670622293244e-11
4.150000000000000000e+02	2.853717413121225446e-11
4.160000000000000000e+02	2.765134944877826534e-11
4.170000000000000000e+02	2.709717965869918795e-11
4.180000000000000000e+02	2.625461093813878970e-11
4.190000000000000000e+02	2.583790236708990420e-11
4.200000000000000000e+02	2.519234488556892188e-11
4.210000000000000000e+02	2.467142432517598709e-11
4.220000000000000000e+02	2.438451594393938505e-11
4.230000000000000000e+02	2.422475496595467397e-11
4.240000000000000000e+02	2.339899106658668910e-11
4.250000000000000000e+02	2.237772256171617645e-11
4.260000000000000000e+02	2.179965392193818264e-11
4.270000000000000000e+02	2.121806588591418403e-11
4.280000000000000000e+02	2.107028021197386091e-11
4.290000000000000000e+02	2.072511141131954454e-11
4.300000000000000000e+02	2.051756305065394223e-11
4.310000000000000000e+02	1.913517844668803827e-11
4.320000000000000000e+02	1.906068331214355444e-11
4.330000000000000000e+02	1.841902074049975436e-11
4.340000000000000000e+02	1.795649597767835849e-11
4.350000000000000000e+02	1.782303248458583711e-11
4.360000000000000000e+02	1.744186485512088022e-11
4.370000000000000000e+02	1.742460513126738394e-11
4.380000000000000000e+02	1.627568790153091390e-11
4.390000000000000000e+02	1.586263788279079326e-11
4.400000000000000000e+02	1.542372563629285516e-11
4.410000000000000000e+02	1.527611568839267336e-11
4.420000000000000000e+02	1.492587300492658373e-11
4.430000000000000000e+02	1.447340110780652666e-11
4.440000000000000000e+02	1.434509549559416480e-11
4.450000000000000000e+02	1.389091118938249960e-11
4.460000000000000000e+02	1.364492019715082252e-11
4.470000000000000000e+02	1.337052324577691311e-11
4.480000000000000000e+02	1.276324983818941513e-11
4.490000000000000000e+02	1.266776766670310999e-11
4.500000000000000000e+02	1.210664204520127745e-11
4.510000000000000000e+02	1.239531146841526999e-11
4.520000000000000000e+02	1.192468602693133009e-11
4.530000000000000000e+02	1.161594024648144996e-11
4.540000000000000000e+02	1.155709270737874058e-11
4.550000000000000000e+02	1.136574321679783804e-11
4.560000000000000000e+02	1.127871376191123063e-11
4.570000000000000000e+02	1.080233414037727147e-11
4.580000000000000000e+02	1.089182922964237429e-11
4.590000000000000000e+02	1.028054931890043667e-11
4.600000000000000000e+02	1.067907788811161137e-11
4.610000000000000000e+02	1.065853522763508442e-11
4.620000000000000000e+02	9.837699064936739425e-12
4.630000000000000000e+02	9.787523707666862041e-12
4.640000000000000000e+02	9.961594991598158724e-12
4.650000000000000000e+02	9.549945437964141933e-12
4.660000000000000000e+02	9.469885444570333902e-12
4.670000000000000000e+02	9.278086220180287104e-12
4.680000000000000000e+02	9.665177590276329177e-12
4.690000000000000000e+02	9.094868368165576366e-12
4.700000000000000000e+02	8.859774897064079050e-12
4.710000000000000000e+02	8.698633615579112509e-12
4.720000000000000000e+02	8.850951820406598010e-12
4.730000000000000000e+02	9.091894289551300884e-12
4.740000000000000000e+02	8.935082841841865333e-12
4.750000000000000000e+02	8.666700441246609235e-12
4.760000000000000000e+02	8.265422370089140878e-12
4.770000000000000000e+02	8.166975969748922672e-12
4.780000000000000000e+02	8.283891109930036666e-12
4.790000000000000000e+02	8.598814970761464982e-12
4.800000000000000000e+02	8.275222337334140280e-12
4.810000000000000000e+02	8.392029836215001217e-12
4.820000000000000000e+02	7.689971795944715974e-12
4.830000000000000000e+02	7.785128674470402067e-12
4.840000000000000000e+02	7.659578591160854565e-12
4.850000000000000000e+02	7.903457921777598314e-12
4.860000000000000000e+02	7.934559905184142051e-12
4.870000000000000000e+02	7.746103864686671427e-12
4.880000000000000000e+02	7.528276501011085225e-12
4.890000000000000000e+02	7.289375065437441708e-12
4.900000000000000000e+02	7.440785298734727043e-12
4.910000000000000000e+02	7.308034947681661484e-12
4.920000000000000000e+02	7.858733067882440950e-12
4.930000000000000000e+02	7.545933602287097036e-12
4.940000000000000000e+02	6.997445399128879867e-12
4.950000000000000000e+02	7.171587368823782284e-12
4.960000000000000000e+02	6.762328954370266316e-12
4.970000000000000000e+02	7.336651502150730886e-12
4.980000000000000000e+02	7.952953345179841936e-12
4.990000000000000000e+02	7.183229563652656825e-12
5.000000000000000000e+02	7.242109587436031524e-12
5.010000000000000000e+02	6.858168309076191890e-12
5.020000000000000000e+02	6.686643598554978002e-12
5.030000000000000000e+02	7.740888154909066004e-12
5.040000000000000000e+02	7.276264652381139757e-12
5.050000000000000000e+02	7.632664801252151778e-12
5.060000000000000000e+02	6.975780066020368025e-12
5.070000000000000000e+02	8.152115425535453627e-12
5.080000000000000000e+02	7.025615820112177360e-12
5.090000000000000000e+02	7.245630506374567609e-12
5.100000000000000000e+02	8.421696670320091238e-12
5.110000000000000000e+02	1.031238823889206786e-11
