0.000000000000000000e+00	5.422836371032819274e-46	3.635176044563947890e-46	7.210496697501690659e-46
1.000000000000000000e+00	5.398554941938281670e-01	4.041038323901184892e-01	6.756071559975378449e-01
2.000000000000000000e+00	1.002936688244668195e+00	6.590940396250237754e-01	1.346779336864312615e+00
3.000000000000000000e+00	9.417219718335023693e-01	6.122715871236840135e-01	1.271172356543320614e+00
4.000000000000000000e+00	1.160682694972226203e+00	7.091794882668185362e-01	1.612185901677633870e+00
5.000000000000000000e+00	3.025645284585494199e-01	2.089187043452039316e-01	3.962103525718949082e-01
6.000000000000000000e+00	2.021929812918915881e-01	1.346190782607706860e-01	2.697668843230124902e-01
7.000000000000000000e+00	1.071681341712866081e-01	7.373235225237081969e-02	1.406039160902023966e-01
8.000000000000000000e+00	7.431630377832851297e-02	4.535079017343988939e-02	1.032818173832171366e-01
9.000000000000000000e+00	6.306438603019982880e-02	4.498476773497530473e-02	8.114400432542434594e-02
1.000000000000000000e+01	3.103713965166485234e-02	2.409018842722230810e-02	3.798409087610739310e-02
1.100000000000000000e+01	2.873559988347166097e-02	2.209547512311625661e-02	3.537572464382706533e-02
1.200000000000000000e+01	2.053223903165425634e-02	1.544924553062284635e-02	2.561523253268566808e-02
1.300000000000000000e+01	2.000589917992132843e-02	1.462980146134009070e-02	2.538199689850256791e-02
1.400000000000000000e+01	1.454381887879907694e-02	1.084272737831131969e-02	1.824491037928683418e-02
1.500000000000000000e+01	1.110436181008794126e-02	8.483989469076382711e-03	1.372473415109949982e-02
1.600000000000000000e+01	1.244728610341513768e-02	9.246570462710589425e-03	1.564800174411968767e-02
1.700000000000000000e+01	9.412983012706743410e-03	7.362541734767845750e-03	1.146342429064564107e-02
1.800000000000000000e+01	8.056914222826911526e-03	6.139909228912950045e-03	9.973919216740873006e-03
1.900000000000000000e+01	6.851696016892498686e-03	5.115600415141460799e-03	8.587791618643536573e-03
2.000000000000000000e+01	5.508299350861227579e-03	4.340347438886165733e-03	6.676251262836289425e-03
2.100000000000000000e+01	6.012878659704119604e-03	4.792167426555567732e-03	7.233589892852671475e-03
2.200000000000000000e+01	4.835536849215347002e-03	3.818027716424216705e-03	5.853045982006477299e-03
2.300000000000000000e+01	4.240149113434074114e-03	3.264823701869007389e-03	5.215474524999140840e-03
2.400000000000000000e+01	3.658996493149754402e-03	2.864797602705165813e-03	4.453195383594342992e-03
2.500000000000000000e+01	3.807788215964079837e-03	2.923537443235132982e-03	4.692038988693026692e-03
2.600000000000000000e+01	3.182372097487529052e-03	2.441680703243384425e-03	3.923063491731673680e-03
2.700000000000000000e+01	2.764849616514264332e-03	2.087703512379526609e-03	3.441995720649002055e-03
2.800000000000000000e+01	2.743783904292097439e-03	2.176456518262293114e-03	3.311111290321901764e-03
2.900000000000000000e+01	2.192534551674699735e-03	1.741765580539184803e-03	2.643303522810214884e-03
3.000000000000000000e+01	2.298130362785174956e-03	1.765452871347374499e-03	2.830807854222975629e-03
3.100000000000000000e+01	1.962376321183508660e-03	1.495903901376421452e-03	2.428848740990595650e-03
3.200000000000000000e+01	1.717599452981851457e-03	1.333312905584457374e-03	2.101886000379245539e-03
3.300000000000000000e+01	1.783456882343914182e-03	1.417953628097017114e-03	2.148960136590811251e-03
3.400000000000000000e+01	1.732028438417685876e-03	1.387396194081640891e-03	2.076660682753730860e-03
3.500000000000000000e+01	1.553758356879530404e-03	1.188204151605242462e-03	1.919312562153818345e-03
3.600000000000000000e+01	1.400945275440353913e-03	1.109957010648806664e-03	1.691933540231901163e-03
3.700000000000000000e+01	1.254288229315301444e-03	1.002524988443006127e-03	1.506051470187596761e-03
3.800000000000000000e+01	1.251383857624472316e-03	1.009139376683898092e-03	1.493628338565046541e-03
3.900000000000000000e+01	1.099578670202317832e-03	9.119073140583437796e-04	1.287250026346291884e-03
4.000000000000000000e+01	1.171166531761171949e-03	9.188502453144095465e-04	1.423482818207934351e-03
4.100000000000000000e+01	1.008482401219616773e-03	7.968893684285841428e-04	1.220075434010649404e-03
4.200000000000000000e+01	9.720206665155321996e-04	7.633213122246457335e-04	1.180720020806418774e-03
4.300000000000000000e+01	9.454675420890243506e-04	7.496486992516044300e-04	1.141286384926444271e-03
4.400000000000000000e+01	8.123363989940805959e-04	6.384429164536499718e-04	9.862298815345113285e-04
4.500000000000000000e+01	8.071288260149772848e-04	6.324608229523872791e-04	9.817968290775672905e-04
4.600000000000000000e+01	7.161918453547151849e-04	5.568872185179820798e-04	8.754964721914482899e-04
4.700000000000000000e+01	7.336278581999972201e-04	5.777618743999758059e-04	8.894938420000186342e-04
4.800000000000000000e+01	6.797468770317050251e-04	5.284034988243661336e-04	8.310902552390439166e-04
4.900000000000000000e+01	6.249470990727282573e-04	4.835764042034580777e-04	7.663177939419983827e-04
5.000000000000000000e+01	5.948611614291963133e-04	4.772088080718117371e-04	7.125135147865808895e-04
5.100000000000000000e+01	5.514561341204106057e-04	4.338325518351444639e-04	6.690797164056768017e-04
5.200000000000000000e+01	5.559109493130129191e-04	4.443286539020462988e-04	6.674932447239794852e-04
5.300000000000000000e+01	4.793236938233496626e-04	3.828685068046050856e-04	5.757788808420942397e-04
5.400000000000000000e+01	4.800794380094765171e-04	3.868392523450327148e-04	5.733196236739203193e-04
5.500000000000000000e+01	4.657938272029062067e-04	3.726791095611506799e-04	5.589085448446616793e-04
5.600000000000000000e+01	4.172245060173798009e-04	3.433677554549377769e-04	4.910812565798218250e-04
5.700000000000000000e+01	4.385054183014583623e-04	3.559521243265157536e-04	5.210587122764009710e-04
5.800000000000000000e+01	3.637902231023814703e-04	2.893493025938238556e-04	4.382311436109390850e-04
5.900000000000000000e+01	3.983254374298009779e-04	3.278632863472624856e-04	4.687875885123394702e-04
6.000000000000000000e+01	3.677154880559453881e-04	2.930226542261777766e-04	4.424083218857129997e-04
6.100000000000000000e+01	3.254766223454250303e-04	2.589942153380445089e-04	3.919590293528055517e-04
6.200000000000000000e+01	3.327859694844139652e-04	2.611354559441066473e-04	4.044364830247212830e-04
6.300000000000000000e+01	2.885928257951252650e-04	2.293486700676647524e-04	3.478369815225857776e-04
6.400000000000000000e+01	3.282189091498041809e-04	2.633652724723477409e-04	3.930725458272606209e-04
6.500000000000000000e+01	2.797703929345526116e-04	2.255010953683099235e-04	3.340396905007952727e-04
6.600000000000000000e+01	2.796162258278566326e-04	2.241222215163700729e-04	3.351102301393431922e-04
6.700000000000000000e+01	2.633234853398895201e-04	2.113306944970689823e-04	3.153162761827100580e-04
6.800000000000000000e+01	2.461708996231040214e-04	1.989725022908213543e-04	2.933692969553866885e-04
6.900000000000000000e+01	2.455583074798857327e-04	1.951877090272403621e-04	2.959289059325310761e-04
7.000000000000000000e+01	2.197287467853984474e-04	1.732354163306034462e-04	2.662220772401934486e-04
7.100000000000000000e+01	2.142920855076058389e-04	1.691610599859412110e-04	2.594231110292704668e-04
7.200000000000000000e+01	2.268972927814302235e-04	1.788776133845142440e-04	2.749169721783462301e-04
7.300000000000000000e+01	2.008224402303112938e-04	1.610822702832380112e-04	2.405626101773845763e-04
7.400000000000000000e+01	2.014660273430260082e-04	1.579029708150476758e-04	2.450290838710043407e-04
7.500000000000000000e+01	1.854652135554022308e-04	1.427775366896332106e-04	2.281528904211712510e-04
7.600000000000000000e+01	1.885920998145232505e-04	1.504571050803726797e-04	2.267270945486738213e-04
7.700000000000000000e+01	1.859877680424451606e-04	1.428017004814390381e-04	2.291738356034512831e-04
7.800000000000000000e+01	1.643691120024707859e-04	1.266910448349212409e-04	2.020471791700203309e-04
7.900000000000000000e+01	1.659611356420893902e-04	1.307394273283990624e-04	2.011828439557797180e-04
8.000000000000000000e+01	1.526273293907782038e-04	1.220564944705036575e-04	1.831981643110527501e-04
8.100000000000000000e+01	1.609453905885203603e-04	1.262814176245624881e-04	1.956093635524782325e-04
8.200000000000000000e+01	1.442958107281229409e-04	1.139855850989393918e-04	1.746060363573064900e-04
8.300000000000000000e+01	1.383264922497437369e-04	1.089704931219376337e-04	1.676824913775498401e-04
8.400000000000000000e+01	1.340323980266629460e-04	1.050074532922299432e-04	1.630573427610959353e-04
8.500000000000000000e+01	1.333158635747758235e-04	1.055396801241434939e-04	1.610920470254081395e-04
8.600000000000000000e+01	1.280185627217960331e-04	1.032971067335636755e-04	1.527400187100284043e-04
8.700000000000000000e+01	1.202876416019344456e-04	9.484294179558665130e-05	1.457323414082822399e-04
8.800000000000000000e+01	1.151313012193363723e-04	9.136582915866734800e-05	1.388967732800053831e-04
8.900000000000000000e+01	1.169939140199798298e-04	9.376530846891969963e-05	1.402225195710399600e-04
9.000000000000000000e+01	1.088772929516047008e-04	8.486792647584748251e-05	1.328866594273619191e-04
9.100000000000000000e+01	1.060971847049799188e-04	8.386383473377944612e-05	1.283305346761803780e-04
9.200000000000000000e+01	1.011974981635368706e-04	7.750659212189276316e-05	1.248884042051809644e-04
9.300000000000000000e+01	1.014082251008528360e-04	7.835846186782406751e-05	1.244579883338816045e-04
9.400000000000000000e+01	9.329511850946422559e-05	7.250239843569817634e-05	1.140878385832302748e-04
9.500000000000000000e+01	9.153526978752799447e-05	7.069720167239286045e-05	1.123733379026631285e-04
9.600000000000000000e+01	8.832926188464252618e-05	6.955492511889868786e-05	1.071035986503863645e-04
9.700000000000000000e+01	8.711511866163614915e-05	6.762002558260036210e-05	1.066102117406719362e-04
9.800000000000000000e+01	8.935578410366513567e-05	6.901012389831727000e-05	1.097014443090130013e-04
9.900000000000000000e+01	7.589732395514654415e-05	5.890125899877717496e-05	9.289338891151591334e-05
1.000000000000000000e+02	7.875098117072260766e-05	6.039393995914054075e-05	9.710802238230467457e-05
1.010000000000000000e+02	7.063132306500326545e-05	5.561354978901017336e-05	8.564909634099635754e-05
1.020000000000000000e+02	7.534896224070142289e-05	5.899323880203011407e-05	9.170468567937272494e-05
1.030000000000000000e+02	7.315797846624550436e-05	5.696356260828143800e-05	8.935239432420957750e-05
1.040000000000000000e+02	6.565672614930192586e-05	5.101388643923186685e-05	8.029956585937198486e-05
1.050000000000000000e+02	6.693890058904368987e-05	5.232570436373901776e-05	8.155209681434836199e-05
1.060000000000000000e+02	6.289455819969413388e-05	4.925595313393327191e-05	7.653316326545499585e-05
1.070000000000000000e+02	6.263279865511604621e-05	4.946695176063422986e-05	7.579864554959786255e-05
1.080000000000000000e+02	6.148671202757146606e-05	4.750058044324994503e-05	7.547284361189298709e-05
1.090000000000000000e+02	5.683970847737317893e-05	4.419155884751283273e-05	6.948785810723352512e-05
1.100000000000000000e+02	5.925371791144151354e-05	4.568119839975774850e-05	7.282623742312527857e-05
1.110000000000000000e+02	5.194330532119040251e-05	4.055154470563247896e-05	6.333506593674831928e-05
1.120000000000000000e+02	5.320875001924389849e-05	4.155611002150345684e-05	6.486139001698434014e-05
1.130000000000000000e+02	5.072298490532477038e-05	3.920273352406530198e-05	6.224323628658424556e-05
1.140000000000000000e+02	4.988455445273296516e-05	3.868264092125415913e-05	6.108646798421177120e-05
1.150000000000000000e+02	4.981031946124691770e-05	3.752876185192275890e-05	6.209187707057107651e-05
1.160000000000000000e+02	4.654423059997160649e-05	3.562547709613378421e-05	5.746298410380942876e-05
1.170000000000000000e+02	4.475606616960076697e-05	3.492077156324436367e-05	5.459136077595717028e-05
1.180000000000000000e+02	4.332826434850294922e-05	3.306032278110185361e-05	5.359620591590404483e-05
1.190000000000000000e+02	4.262683430945241102e-05	3.262404802653001652e-05	5.262962059237480552e-05
1.200000000000000000e+02	4.315846507698949558e-05	3.276815976256916324e-05	5.354877039140982793e-05
1.210000000000000000e+02	4.100894245079162017e-05	3.171713714494261386e-05	5.030074775664062649e-05
1.220000000000000000e+02	3.974784484994714668e-05	3.069853831504052995e-05	4.879715138485376342e-05
1.230000000000000000e+02	3.844299900686552220e-05	2.938073653104769921e-05	4.750526148268334519e-05
1.240000000000000000e+02	3.633293248153474743e-05	2.762268117309416129e-05	4.504318378997533356e-05
1.250000000000000000e+02	3.533941036332108435e-05	2.680499671169760156e-05	4.387382401494456714e-05
1.260000000000000000e+02	3.411332016927182874e-05	2.581699647254495582e-05	4.240964386599870505e-05
1.270000000000000000e+02	3.521641427548586050e-05	2.699539272067446330e-05	4.343743583029725769e-05
1.280000000000000000e+02	3.187873842956023753e-05	2.402967309724606795e-05	3.972780376187440711e-05
1.290000000000000000e+02	3.198414672266172753e-05	2.423222774435693005e-05	3.973606570096652500e-05
1.300000000000000000e+02	3.061840290862512785e-05	2.302330497157906709e-05	3.821350084567119200e-05
1.310000000000000000e+02	2.947898444515514971e-05	2.216233244985708114e-05	3.679563644045321828e-05
1.320000000000000000e+02	3.009619690295926728e-05	2.257795653176754107e-05	3.761443727415099349e-05
1.330000000000000000e+02	2.832104924925541242e-05	2.118954478730147606e-05	3.545255371120934878e-05
1.340000000000000000e+02	2.828613395736793369e-05	2.128437083086038827e-05	3.528789708387548250e-05
1.350000000000000000e+02	2.656749960220014393e-05	1.991649747397791252e-05	3.321850173042237872e-05
1.360000000000000000e+02	2.674922504742493733e-05	2.058663169378648455e-05	3.291181840106339351e-05
1.370000000000000000e+02	2.546348905026455561e-05	1.904047456568256882e-05	3.188650353484654239e-05
1.380000000000000000e+02	2.413315558513656517e-05	1.850518455146778988e-05	2.976112661880534046e-05
1.390000000000000000e+02	2.474471977921683565e-05	1.903464365409358359e-05	3.045479590434008771e-05
1.400000000000000000e+02	2.388773011092674062e-05	1.834902778741541132e-05	2.942643243443806992e-05
1.410000000000000000e+02	2.283385546962284722e-05	1.757690523451101026e-05	2.809080570473468418e-05
1.420000000000000000e+02	2.144545981254272220e-05	1.644416391387457327e-05	2.644675571121087113e-05
1.430000000000000000e+02	2.055735587644839333e-05	1.601790456520445758e-05	2.509680718769232907e-05
1.440000000000000000e+02	2.175399843420111658e-05	1.669733310766682258e-05	2.681066376073541058e-05
1.450000000000000000e+02	2.091647119266746882e-05	1.593362382305127845e-05	2.589931856228365920e-05
1.460000000000000000e+02	1.985456658844174204e-05	1.516741825706724117e-05	2.454171491981624290e-05
1.470000000000000000e+02	1.887177355666321292e-05	1.438358760547506145e-05	2.335995950785136439e-05
1.480000000000000000e+02	1.891687639008229031e-05	1.414097961244707919e-05	2.369277316771750143e-05
1.490000000000000000e+02	1.876720491111277502e-05	1.395626166223408237e-05	2.357814815999146766e-05
1.500000000000000000e+02	1.710080210016813373e-05	1.285120988690280621e-05	2.135039431343346126e-05
1.510000000000000000e+02	1.778509010344138757e-05	1.324770855059262926e-05	2.232247165629014588e-05
1.520000000000000000e+02	1.612833931086505516e-05	1.200863263360792211e-05	2.024804598812218821e-05
1.530000000000000000e+02	1.699251056669862255e-05	1.287128338981369172e-05	2.111373774358355507e-05
1.540000000000000000e+02	1.584463904494740091e-05	1.183851790624890378e-05	1.985076018364589803e-05
1.550000000000000000e+02	1.518688406009759726e-05	1.149903605666784722e-05	1.887473206352734730e-05
1.560000000000000000e+02	1.558873118778676749e-05	1.164576906213617003e-05	1.953169331343736494e-05
1.570000000000000000e+02	1.518426132161755755e-05	1.142873277452800141e-05	1.893978986870711200e-05
1.580000000000000000e+02	1.481859917631661103e-05	1.117591059707235040e-05	1.846128775556087336e-05
1.590000000000000000e+02	1.362366081977255076e-05	1.033033924825857891e-05	1.691698239128652261e-05
1.600000000000000000e+02	1.320851048524418399e-05	1.000335139857926370e-05	1.641366957190910428e-05
1.610000000000000000e+02	1.384643548286676529e-05	1.032111960287489431e-05	1.737175136285863626e-05
1.620000000000000000e+02	1.289471763603457884e-05	9.532864272089648931e-06	1.625657099997950876e-05
1.630000000000000000e+02	1.305092047812644319e-05	9.848768613338348168e-06	1.625307234291453821e-05
1.640000000000000000e+02	1.207084871205089588e-05	9.083918308457636118e-06	1.505777911564415565e-05
1.650000000000000000e+02	1.228124222173711178e-05	9.246508908302920185e-06	1.531597553517130168e-05
1.660000000000000000e+02	1.193515920098664421e-05	8.992543699794167185e-06	1.487777470217912123e-05
1.670000000000000000e+02	1.103376873744446330e-05	8.431752735035237062e-06	1.363578473985368954e-05
1.680000000000000000e+02	1.138011573052662727e-05	8.564902485330690509e-06	1.419532897572256403e-05
1.690000000000000000e+02	1.108896235773259771e-05	8.354312623310968184e-06	1.382361209215422724e-05
1.700000000000000000e+02	1.092124393160873034e-05	8.168252825289612926e-06	1.367423503792784775e-05
1.710000000000000000e+02	1.065993864231764539e-05	7.921970832218685899e-06	1.339790645241660488e-05
1.720000000000000000e+02	9.628523274666771366e-06	7.144516676443358948e-06	1.211252987289018378e-05
1.730000000000000000e+02	1.025920647087956233e-05	7.714077058782189156e-06	1.280433588297693550e-05
1.740000000000000000e+02	9.698267976091254087e-06	7.211341051446454801e-06	1.218519490073605253e-05
1.750000000000000000e+02	9.269820049406390260e-06	7.050807353221152041e-06	1.148883274559162933e-05
1.760000000000000000e+02	9.357868912324282859e-06	6.969449424037344264e-06	1.174628840061122230e-05
1.770000000000000000e+02	8.809079412250726341e-06	6.676443525750536793e-06	1.094171529875091589e-05
1.780000000000000000e+02	9.135498968507506243e-06	6.860428752043209376e-06	1.141056918497180311e-05
1.790000000000000000e+02	8.468358987822064619e-06	6.408190415238642607e-06	1.052852756040548663e-05
1.800000000000000000e+02	8.440498979535896270e-06	6.287663448318070537e-06	1.059333451075372200e-05
1.810000000000000000e+02	8.095266283708653178e-06	6.053600894906299853e-06	1.013693167251100650e-05
1.820000000000000000e+02	8.072394148906634787e-06	6.123029944311983264e-06	1.002175835350128716e-05
1.830000000000000000e+02	7.739434112320423286e-06	5.874357667377588542e-06	9.604510557263257181e-06
1.840000000000000000e+02	7.493942718664535995e-06	5.677745160186034053e-06	9.310140277143037936e-06
1.850000000000000000e+02	7.279364249186123146e-06	5.518557284083935498e-06	9.040171214288311640e-06
1.860000000000000000e+02	7.131623973573403265e-06	5.370229497369832810e-06	8.893018449776973720e-06
1.870000000000000000e+02	7.088436520909218817e-06	5.293770922805093181e-06	8.883102119013345301e-06
1.880000000000000000e+02	6.780053967904899787e-06	5.111942184781615589e-06	8.448165751028183985e-06
1.890000000000000000e+02	6.607121070800050792e-06	4.958776919955192793e-06	8.255465221644908792e-06
1.900000000000000000e+02	6.332861741346847273e-06	4.782026327653540569e-06	7.883697155040153977e-06
1.910000000000000000e+02	6.540201292209604763e-06	4.967706271057623947e-06	8.112696313361585578e-06
1.920000000000000000e+02	6.157143050657281456e-06	4.581596475601121835e-06	7.732689625713441077e-06
1.930000000000000000e+02	6.063365866678578314e-06	4.629854167006243266e-06	7.496877566350913361e-06
1.940000000000000000e+02	5.837491937438638011e-06	4.449920550904885042e-06	7.225063323972390981e-06
1.950000000000000000e+02	5.828445160161372788e-06	4.406111236522436094e-06	7.250779083800309481e-06
1.960000000000000000e+02	5.594022953532546421e-06	4.244932727936222585e-06	6.943113179128870256e-06
1.970000000000000000e+02	5.572169751124063066e-06	4.273964394104447932e-06	6.870375108143678200e-06
1.980000000000000000e+02	5.229117859920685987e-06	3.937575144617812960e-06	6.520660575223559013e-06
1.990000000000000000e+02	5.324778162355545907e-06	4.011272582893742468e-06	6.638283741817349346e-06
2.000000000000000000e+02	5.015357603678762148e-06	3.766160904401142621e-06	6.264554302956382099e-06
2.010000000000000000e+02	4.886284395456117453e-06	3.687789556365250236e-06	6.084779234546984671e-06
2.020000000000000000e+02	4.959442870432940754e-06	3.746781496543984111e-06	6.172104244321897397e-06
2.030000000000000000e+02	4.707023252482735997e-06	3.542967076755899192e-06	5.871079428209572803e-06
2.040000000000000000e+02	4.738582124903772925e-06	3.515179803936983116e-06	5.961984445870562733e-06
2.050000000000000000e+02	4.403805924013699040e-06	3.321866929586355285e-06	5.485744918441042795e-06
2.060000000000000000e+02	4.452778602108062820e-06	3.382599612935902258e-06	5.522957591280223381e-06
2.070000000000000000e+02	4.303251924475066516e-06	3.211823257836647773e-06	5.394680591113485259e-06
2.080000000000000000e+02	4.300067646769089268e-06	3.205610598774209258e-06	5.394524694763969278e-06
2.090000000000000000e+02	4.230915646315295116e-06	3.160595270394435993e-06	5.301236022236154239e-06
2.100000000000000000e+02	3.944728109700851057e-06	2.944307689112185027e-06	4.945148530289517511e-06
2.110000000000000000e+02	3.958679524126366883e-06	3.001663401502152579e-06	4.915695646750581186e-06
2.120000000000000000e+02	3.921292067438551484e-06	2.935146470837979304e-06	4.907437664039123663e-06
2.130000000000000000e+02	3.721941177676133961e-06	2.814690085965617405e-06	4.629192269386650517e-06
2.140000000000000000e+02	3.761259323902587963e-06	2.830503252139160511e-06	4.692015395666015416e-06
2.150000000000000000e+02	3.461685766887038383e-06	2.586144812890786044e-06	4.337226720883291146e-06
2.160000000000000000e+02	3.661974469602730725e-06	2.752350638713165303e-06	4.571598300492296146e-06
2.170000000000000000e+02	3.508144609484077062e-06	2.631843631723474905e-06	4.384445587244679220e-06
2.180000000000000000e+02	3.311982006621279568e-06	2.456889154096236893e-06	4.167074859146322243e-06
2.190000000000000000e+02	3.473932267902439646e-06	2.586985950890907592e-06	4.360878584913971700e-06
2.200000000000000000e+02	3.169706181292126194e-06	2.352224642959802182e-06	3.987187719624450207e-06
2.210000000000000000e+02	3.240537682125199345e-06	2.393393727658373762e-06	4.087681636592024928e-06
2.220000000000000000e+02	3.067381960788804353e-06	2.268459220421823097e-06	3.866304701155785186e-06
2.230000000000000000e+02	2.951855754299230767e-06	2.195326067855967218e-06	3.708385440742494316e-06
2.240000000000000000e+02	2.896385281419050272e-06	2.116147409536495294e-06	3.676623153301605251e-06
2.250000000000000000e+02	2.935947391765471497e-06	2.179454550097241644e-06	3.692440233433701350e-06
2.260000000000000000e+02	2.835561247276825758e-06	2.085854365453619348e-06	3.585268129100032167e-06
2.270000000000000000e+02	2.702102716115904218e-06	1.997729678711800146e-06	3.406475753520008290e-06
2.280000000000000000e+02	2.718665898694158827e-06	2.009005267571906374e-06	3.428326529816411280e-06
2.290000000000000000e+02	2.647492566312871937e-06	1.960271612994975339e-06	3.334713519630768536e-06
2.300000000000000000e+02	2.563618549015538138e-06	1.905978375635424483e-06	3.221258722395651581e-06
2.310000000000000000e+02	2.544350801572154963e-06	1.901142693592439054e-06	3.187558909551870873e-06
2.320000000000000000e+02	2.435080054495396591e-06	1.809618413788824831e-06	3.060541695201968140e-06
2.330000000000000000e+02	2.450458388235248912e-06	1.825082636361283707e-06	3.075834140109213904e-06
2.340000000000000000e+02	2.328289287622283349e-06	1.716481067008882022e-06	2.940097508235684677e-06
2.350000000000000000e+02	2.246854479610413209e-06	1.680952747083352581e-06	2.812756212137473837e-06
2.360000000000000000e+02	2.229827309701629242e-06	1.644190579781595090e-06	2.815464039621663394e-06
2.370000000000000000e+02	2.194098983774823074e-06	1.618379184682767763e-06	2.769818782866878385e-06
2.380000000000000000e+02	2.176520562578008174e-06	1.607024266815113109e-06	2.746016858340903238e-06
2.390000000000000000e+02	2.075630260865617858e-06	1.534023740187995769e-06	2.617236781543239947e-06
2.400000000000000000e+02	2.012680521177154166e-06	1.486414440542852980e-06	2.538946601811455352e-06
2.410000000000000000e+02	2.029615865873404333e-06	1.491118591064676258e-06	2.568113140682132408e-06
2.420000000000000000e+02	1.931046492125329857e-06	1.431908738497644076e-06	2.430184245753015639e-06
2.430000000000000000e+02	1.958123716572677275e-06	1.446515188165712546e-06	2.469732244979641793e-06
2.440000000000000000e+02	1.920821804666340276e-06	1.409815820681841867e-06	2.431827788650838684e-06
2.450000000000000000e+02	1.867150075436780316e-06	1.372491245108228463e-06	2.361808905765331957e-06
2.460000000000000000e+02	1.833866263601836648e-06	1.363906926080309213e-06	2.303825601123364295e-06
2.470000000000000000e+02	1.737246310309277488e-06	1.279605008102575430e-06	2.194887612515979757e-06
2.480000000000000000e+02	1.752331710579128262e-06	1.297662704720038253e-06	2.207000716438218272e-06
2.490000000000000000e+02	1.662562468661550081e-06	1.229525323682192395e-06	2.095599613640907556e-06
2.500000000000000000e+02	1.720566631826957699e-06	1.257017475130601007e-06	2.184115788523314392e-06
2.510000000000000000e+02	1.620161584230098352e-06	1.178337367538864500e-06	2.061985800921332204e-06
2.520000000000000000e+02	1.583422487402582791e-06	1.155400965147864625e-06	2.011444009657300745e-06
2.530000000000000000e+02	1.546278140670033795e-06	1.122776501932969799e-06	1.969779779407097791e-06
2.540000000000000000e+02	1.533849315268660312e-06	1.102919115319173077e-06	1.964779515218147548e-06
2.550000000000000000e+02	1.520037439259368078e-06	1.099697937868459137e-06	1.940376940650276808e-06
2.560000000000000000e+02	1.464403896239599000e-06	1.064856996580955787e-06	1.863950795898242214e-06
2.570000000000000000e+02	1.446837802595815441e-06	1.038701672519506092e-06	1.854973932672124789e-06
2.580000000000000000e+02	1.384843952044798349e-06	1.004555450246697342e-06	1.765132453842899355e-06
2.590000000000000000e+02	1.354765615681263335e-06	9.655769371211500646e-07	1.743954294241376605e-06
2.600000000000000000e+02	1.361716210452101675e-06	9.874609235078602979e-07	1.735971497396343052e-06
2.610000000000000000e+02	1.276212830739938455e-06	9.204036907833450177e-07	1.632021970696531787e-06
2.620000000000000000e+02	1.321252185301116230e-06	9.570531090525289190e-07	1.685451261549703541e-06
2.630000000000000000e+02	1.250375444341280580e-06	8.953853724124705484e-07	1.605365516270090611e-06
2.640000000000000000e+02	1.229432401760179187e-06	8.922906070942402865e-07	1.566574196426118088e-06
2.650000000000000000e+02	1.200588090320848020e-06	8.651439815668412957e-07	1.536032199074854638e-06
2.660000000000000000e+02	1.137333876373179382e-06	8.308282895632816442e-07	1.443839463183077014e-06
2.670000000000000000e+02	1.200277719549368347e-06	8.560035775068284050e-07	1.544551861591908289e-06
2.680000000000000000e+02	1.133575855358978296e-06	8.305904637076356368e-07	1.436561247010320955e-06
2.690000000000000000e+02	1.114959695091757946e-06	7.995349655204147377e-07	1.430384424663101154e-06
2.700000000000000000e+02	1.082545722419544374e-06	7.749423608837140406e-07	1.390149083955374708e-06
2.710000000000000000e+02	1.046605604625393715e-06	7.392035570644792588e-07	1.354007652186308171e-06
2.720000000000000000e+02	1.069713009169707893e-06	7.657917315772803857e-07	1.373634286762135399e-06
2.730000000000000000e+02	9.957709113238269408e-07	7.098370756750967861e-07	1.281704746972557095e-06
2.740000000000000000e+02	1.014398001086090767e-06	7.182287462215330471e-07	1.310567255950648486e-06
2.750000000000000000e+02	9.803300268484034790e-07	6.940296106363837839e-07	1.266630443060423174e-06
2.760000000000000000e+02	9.438679825539684208e-07	6.663748583769802163e-07	1.221361106730956625e-06
2.770000000000000000e+02	9.627470563313738238e-07	6.813078212591529473e-07	1.244186291403594700e-06
2.780000000000000000e+02	8.927103896690881990e-07	6.319704264521852803e-07	1.153450352885991118e-06
2.790000000000000000e+02	8.851752031585811432e-07	6.373090969225986460e-07	1.133041309394563640e-06
2.800000000000000000e+02	8.981938753029339741e-07	6.412560555758088113e-07	1.155131695030059137e-06
2.810000000000000000e+02	8.432450913029851846e-07	6.120984203768792840e-07	1.074391762229091085e-06
2.820000000000000000e+02	8.463506779945707068e-07	6.025605621859195407e-07	1.090140793803221873e-06
2.830000000000000000e+02	7.912591299620425742e-07	5.572682086932742569e-07	1.025250051230810892e-06
2.840000000000000000e+02	8.185427479851473156e-07	5.880452541893316274e-07	1.049040241780962898e-06
2.850000000000000000e+02	7.740985208338192941e-07	5.521607295706345953e-07	9.960363120970039929e-07
2.860000000000000000e+02	7.500422389122409617e-07	5.408656527441946793e-07	9.592188250802871381e-07
2.870000000000000000e+02	7.505733301932311775e-07	5.330255606741212196e-07	9.681210997123410295e-07
2.880000000000000000e+02	7.409338260370521460e-07	5.300357180530797217e-07	9.518319340210245704e-07
2.890000000000000000e+02	7.353514239398501333e-07	5.298021480831711734e-07	9.409006997965290932e-07
2.900000000000000000e+02	6.958429476367862529e-07	4.960276076814915580e-07	8.956582875920809479e-07
2.910000000000000000e+02	6.954262451789386333e-07	5.021275834234802936e-07	8.887249069343969730e-07
2.920000000000000000e+02	6.816693974329250229e-07	4.842823079769562046e-07	8.790564868888938412e-07
2.930000000000000000e+02	6.725041447688210128e-07	4.763513446086296005e-07	8.686569449290124251e-07
2.940000000000000000e+02	6.505231958274508430e-07	4.627594207303840263e-07	8.382869709245176597e-07
2.950000000000000000e+02	6.265299654970473158e-07	4.486962704148003556e-07	8.043636605792942761e-07
2.960000000000000000e+02	6.177168154928136575e-07	4.406978494073339106e-07	7.947357815782934043e-07
2.970000000000000000e+02	6.142938723681928280e-07	4.326118143677106838e-07	7.959759303686749194e-07
2.980000000000000000e+02	6.053242906121984304e-07	4.314101748913379244e-07	7.792384063330589364e-07
2.990000000000000000e+02	5.807313143000166229e-07	4.112431698168243406e-07	7.502194587832089052e-07
3.000000000000000000e+02	5.649470885106580698e-07	3.997976755671769705e-07	7.300965014541391690e-07
3.010000000000000000e+02	5.821095618162173178e-07	4.125107200122712811e-07	7.517084036201633545e-07
3.020000000000000000e+02	5.439343958591467184e-07	3.869348708999991038e-07	7.009339208182943330e-07
3.030000000000000000e+02	5.479558099957246928e-07	3.906304395998977463e-07	7.052811803915516392e-07
3.040000000000000000e+02	5.039318005716002839e-07	3.627062163080283304e-07	6.451573848351722373e-07
3.050000000000000000e+02	5.379580366278373412e-07	3.843583188257721773e-07	6.915577544299025052e-07
3.060000000000000000e+02	5.093589898030218978e-07	3.654512564659275557e-07	6.532667231401162399e-07
3.070000000000000000e+02	4.766366182894799409e-07	3.387393706492646429e-07	6.145338659296952389e-07
3.080000000000000000e+02	4.953246220964350206e-07	3.542716152214517254e-07	6.363776289714183688e-07
3.090000000000000000e+02	4.771033487373285478e-07	3.388374581976466405e-07	6.153692392770104551e-07
3.100000000000000000e+02	4.721531215796110882e-07	3.338188047226721093e-07	6.104874384365500672e-07
3.110000000000000000e+02	4.526853186748490117e-07	3.216552026117110435e-07	5.837154347379869799e-07
3.120000000000000000e+02	4.290165928785121708e-07	3.059193054352002832e-07	5.521138803218240584e-07
3.130000000000000000e+02	4.457250337219819692e-07	3.132440595932860941e-07	5.782060078506778443e-07
3.140000000000000000e+02	4.161447458109845219e-07	2.927325859886528408e-07	5.395569056333162030e-07
3.150000000000000000e+02	4.216950060241881512e-07	3.011950461794901457e-07	5.421949658688861038e-07
3.160000000000000000e+02	4.017844776697430515e-07	2.815436619494649170e-07	5.220252933900211860e-07
3.170000000000000000e+02	3.902210058669678170e-07	2.733602630296812605e-07	5.070817487042543735e-07
3.180000000000000000e+02	4.125088544756418799e-07	2.901489841666534225e-07	5.348687247846303373e-07
3.190000000000000000e+02	3.678053684959642490e-07	2.594321043773525394e-07	4.761786326145759585e-07
3.200000000000000000e+02	3.835947215636845794e-07	2.690812363616711124e-07	4.981082067656980465e-07
3.210000000000000000e+02	3.623205238331706401e-07	2.555970221540109015e-07	4.690440255123303787e-07
3.220000000000000000e+02	3.605741995607355370e-07	2.544237210320822425e-07	4.667246780893888315e-07
3.230000000000000000e+02	3.513926123259420607e-07	2.452481672214208946e-07	4.575370574304632268e-07
3.240000000000000000e+02	3.378646834019355860e-07	2.357140494909172755e-07	4.400153173129538965e-07
3.250000000000000000e+02	3.376467878233602830e-07	2.366199574263278952e-07	4.386736182203926708e-07
3.260000000000000000e+02	3.325894797413156700e-07	2.316477626243241835e-07	4.335311968583071566e-07
3.270000000000000000e+02	3.223589758308709467e-07	2.256419745336538531e-07	4.190759771280880403e-07
3.280000000000000000e+02	3.163877543520284231e-07	2.202674565822157554e-07	4.125080521218410907e-07
3.290000000000000000e+02	2.969103023906322857e-07	2.073738400748572149e-07	3.864467647064073564e-07
3.300000000000000000e+02	3.130669012958271221e-07	2.188665637618393528e-07	4.072672388298148913e-07
3.310000000000000000e+02	2.960544557035943445e-07	2.039590538027825040e-07	3.881498576044061851e-07
3.320000000000000000e+02	2.897163772794039451e-07	2.015995086452295915e-07	3.778332459135782986e-07
3.330000000000000000e+02	2.828802067819655790e-07	1.954649617899508422e-07	3.702954517739803157e-07
3.340000000000000000e+02	2.737631901996951265e-07	1.887917596946386572e-07	3.587346207047515958e-07
3.350000000000000000e+02	2.823469362435394289e-07	1.926673105332875763e-07	3.720265619537912816e-07
3.360000000000000000e+02	2.622582535474428295e-07	1.821477241856271932e-07	3.423687829092584659e-07
3.370000000000000000e+02	2.638464094363245849e-07	1.831940335494138986e-07	3.444987853232352711e-07
3.380000000000000000e+02	2.562583023606218167e-07	1.777878867384946883e-07	3.347287179827489451e-07
3.390000000000000000e+02	2.567096329217817675e-07	1.776374779939725710e-07	3.357817878495909639e-07
3.400000000000000000e+02	2.490749254328683174e-07	1.720454449550416378e-07	3.261044059106950235e-07
3.410000000000000000e+02	2.372861725605183750e-07	1.636410925282904181e-07	3.109312525927463320e-07
3.420000000000000000e+02	2.455685003129063648e-07	1.667386167809473623e-07	3.243983838448653673e-07
3.430000000000000000e+02	2.317034367605987013e-07	1.580877180175532642e-07	3.053191555036441383e-07
3.440000000000000000e+02	2.326724806260559228e-07	1.597487963046387987e-07	3.055961649474730470e-07
3.450000000000000000e+02	2.244159514565208976e-07	1.533903591576021309e-07	2.954415437554396642e-07
3.460000000000000000e+02	2.130873018737845647e-07	1.477420422967001241e-07	2.784325614508689789e-07
3.470000000000000000e+02	2.151843585544306348e-07	1.466566286791587345e-07	2.837120884297025087e-07
3.480000000000000000e+02	2.102410643689896047e-07	1.435169702443541269e-07	2.769651584936250561e-07
3.490000000000000000e+02	2.109381776926114686e-07	1.430996401265177862e-07	2.787767152587051510e-07
3.500000000000000000e+02	2.009064493421221396e-07	1.376108682930750390e-07	2.642020303911692402e-07
3.510000000000000000e+02	1.935640561335515690e-07	1.322299365606899584e-07	2.548981757064131795e-07
3.520000000000000000e+02	1.964373805106764842e-07	1.319497548375357703e-07	2.609250061838171981e-07
3.530000000000000000e+02	1.877018447984777485e-07	1.273716410847049676e-07	2.480320485122505293e-07
3.540000000000000000e+02	1.888763639002113134e-07	1.270966651814754778e-07	2.506560626189471491e-07
3.550000000000000000e+02	1.799889528989039438e-07	1.210403773688100781e-07	2.389375284289978094e-07
3.560000000000000000e+02	1.797786893771200005e-07	1.204084997879355500e-07	2.391488789663044246e-07
3.570000000000000000e+02	1.771631194183750543e-07	1.180969841085985939e-07	2.362292547281515146e-07
3.580000000000000000e+02	1.681621164867058374e-07	1.113777500144644900e-07	2.249464829589471849e-07
3.590000000000000000e+02	1.735698809265459681e-07	1.149394791875955482e-07	2.322002826654963880e-07
3.600000000000000000e+02	1.653217233569141182e-07	1.098689880417817518e-07	2.207744586720464845e-07
3.610000000000000000e+02	1.664599819351658058e-07	1.100266135724566251e-07	2.228933502978749998e-07
3.620000000000000000e+02	1.598176685312123409e-07	1.048084732007014953e-07	2.148268638617231732e-07
3.630000000000000000e+02	1.559399002772834218e-07	1.045412408869403553e-07	2.073385596676264883e-07
3.640000000000000000e+02	1.532565986380076669e-07	1.009075545625267724e-07	2.056056427134885615e-07
3.650000000000000000e+02	1.490149760893566094e-07	9.937415799259075572e-08	1.986557941861224631e-07
3.660000000000000000e+02	1.489925553233204333e-07	9.861295190549953401e-08	1.993721587411413459e-07
3.670000000000000000e+02	1.441436346472859745e-07	9.582348391506099777e-08	1.924637853795109511e-07
3.680000000000000000e+02	1.405255218938792492e-07	9.264005056564960515e-08	1.884109932221089065e-07
3.690000000000000000e+02	1.412443813711660752e-07	9.218564794402115030e-08	1.903031147983110001e-07
3.700000000000000000e+02	1.333122945839488323e-07	8.917220057955411402e-08	1.774523885883435507e-07
3.710000000000000000e+02	1.346351821618745468e-07	8.928746955712226730e-08	1.799828947666268264e-07
3.720000000000000000e+02	1.266278192129935476e-07	8.463653030504743586e-08	1.686191081209396594e-07
3.730000000000000000e+02	1.323453526354653636e-07	8.722586971838264932e-08	1.774648355525480911e-07
3.740000000000000000e+02	1.252674331229751699e-07	8.254687366710564659e-08	1.679879925788446932e-07
3.750000000000000000e+02	1.218291935727324021e-07	8.065391277133970133e-08	1.630044743741251029e-07
3.760000000000000000e+02	1.210045883130621381e-07	7.839403179807170363e-08	1.636151448280525726e-07
3.770000000000000000e+02	1.181689325260091765e-07	7.772024929929211754e-08	1.586176157527262355e-07
3.780000000000000000e+02	1.171573255946508209e-07	7.617968839444272055e-08	1.581349627948589212e-07
3.790000000000000000e+02	1.126276003394642289e-07	7.424772404893368453e-08	1.510074766299947601e-07
3.800000000000000000e+02	1.113716938937154321e-07	7.337508177910893476e-08	1.493683060083219294e-07
3.810000000000000000e+02	1.110794393310970819e-07	7.102863115463349290e-08	1.511302475075606709e-07
3.820000000000000000e+02	1.071093495869474228e-07	7.051875670794570296e-08	1.436999424659491427e-07
3.830000000000000000e+02	1.056368475476367997e-07	6.756948452978404582e-08	1.437042105654895403e-07
3.840000000000000000e+02	1.009844897316116849e-07	6.603710857485572360e-08	1.359318708883676595e-07
3.850000000000000000e+02	1.018949388920915269e-07	6.621504326508153980e-08	1.375748345191015140e-07
3.860000000000000000e+02	1.019730341464133774e-07	6.503703850109141122e-08	1.389090297917353436e-07
3.870000000000000000e+02	9.819272404406134621e-08	6.335478772048333522e-08	1.330306603676393572e-07
3.880000000000000000e+02	9.639565195803311071e-08	6.187230241482617705e-08	1.309190015012400444e-07
3.890000000000000000e+02	9.153069893054537042e-08	5.989641599932364028e-08	1.231649818617671006e-07
3.900000000000000000e+02	9.310506606068423301e-08	6.007289217540975346e-08	1.261372399459586993e-07
3.910000000000000000e+02	9.111254194942387076e-08	5.882295919479867204e-08	1.234021247040490562e-07
3.920000000000000000e+02	8.863524814632333912e-08	5.711785458446690365e-08	1.201526417081797613e-07
3.930000000000000000e+02	8.555319150492613684e-08	5.463894360719815116e-08	1.164674394026541159e-07
3.940000000000000000e+02	8.511697811689357094e-08	5.444794136331164479e-08	1.157860148704754971e-07
3.950000000000000000e+02	8.437477694344285361e-08	5.412344816504241583e-08	1.146261057218432980e-07
3.960000000000000000e+02	7.974270450113517126e-08	5.061762406447396050e-08	1.088677849377963820e-07
3.970000000000000000e+02	8.061044302842135422e-08	5.236738904057157116e-08	1.088534970162711373e-07
3.980000000000000000e+02	7.913753439268759182e-08	5.047276700657171163e-08	1.078023017788034720e-07
3.990000000000000000e+02	7.631203210253329753e-08	4.947444066214586932e-08	1.031496235429207257e-07
4.000000000000000000e+02	7.802437137477261954e-08	4.963604566774330941e-08	1.064126970818019297e-07
4.010000000000000000e+02	7.197638087555564104e-08	4.653118707611713179e-08	9.742157467499415029e-08
4.020000000000000000e+02	7.412972652247766359e-08	4.768388170920966586e-08	1.005755713357456679e-07
4.030000000000000000e+02	7.107172788892771802e-08	4.540150733350036014e-08	9.674194844435507591e-08
4.040000000000000000e+02	7.023789188819039564e-08	4.559297941272589587e-08	9.488280436365490202e-08
4.050000000000000000e+02	6.908460598233442613e-08	4.410068748753969233e-08	9.406852447712915993e-08
4.060000000000000000e+02	6.527706413726236741e-08	4.281300960505338933e-08	8.774111866947134549e-08
4.070000000000000000e+02	6.906946228166343216e-08	4.420728623913342705e-08	9.393163832419343726e-08
4.080000000000000000e+02	6.288520152025460918e-08	4.037531751433294512e-08	8.539508552617627985e-08
4.090000000000000000e+02	6.504583466064365718e-08	4.192688960092341815e-08	8.816477972036389621e-08
4.100000000000000000e+02	6.242039699621995327e-08	3.971835614884232987e-08	8.512243784359757667e-08
4.110000000000000000e+02	6.079962489834440431e-08	3.877886800495537796e-08	8.282038179173342404e-08
4.120000000000000000e+02	6.213534406130521128e-08	3.877804297725188666e-08	8.549264514535853591e-08
4.130000000000000000e+02	5.757217147211741679e-08	3.696835329279340300e-08	7.817598965144143058e-08
4.140000000000000000e+02	5.780825454457810055e-08	3.657734189595463552e-08	7.903916719320156558e-08
4.150000000000000000e+02	5.715115559069758308e-08	3.565527772457670877e-08	7.864703345681846401e-08
4.160000000000000000e+02	5.474001217669662119e-08	3.506099905323464606e-08	7.441902530015860295e-08
4.170000000000000000e+02	5.645206055827136289e-08	3.546471857507935753e-08	7.743940254146336164e-08
4.180000000000000000e+02	5.192389663357357269e-08	3.346844095935526029e-08	7.037935230779188510e-08
4.190000000000000000e+02	5.294916216362306028e-08	3.424979160569424388e-08	7.164853272155187668e-08
4.200000000000000000e+02	5.194629469260675271e-08	3.295317636413350223e-08	7.093941302108000319e-08
4.210000000000000000e+02	4.936132034511290425e-08	3.168691308668787953e-08	6.703572760353792896e-08
4.220000000000000000e+02	5.027421131686829082e-08	3.165133597628103722e-08	6.889708665745554442e-08
4.230000000000000000e+02	4.751866509541830713e-08	3.026897699529299213e-08	6.476835319554361551e-08
4.240000000000000000e+02	4.937742170637442896e-08	3.138388704924878389e-08	6.737095636350007402e-08
4.250000000000000000e+02	4.583350223682955715e-08	2.910473094508217070e-08	6.256227352857694691e-08
4.260000000000000000e+02	4.512225773685911821e-08	2.882718583513948970e-08	6.141732963857875003e-08
4.270000000000000000e+02	4.491354645171211784e-08	2.834887967844674800e-08	6.147821322497749098e-08
4.280000000000000000e+02	4.344009585044397975e-08	2.763299315910195828e-08	5.924719854178600123e-08
4.290000000000000000e+02	4.407464021712006157e-08	2.790900500017743379e-08	6.024027543406268936e-08
4.300000000000000000e+02	4.200268231540245236e-08	2.684525841228660613e-08	5.716010621851829859e-08
4.310000000000000000e+02	4.132565945391349776e-08	2.601279052608260328e-08	5.663852838174439225e-08
4.320000000000000000e+02	4.124972329920002528e-08	2.586598807602175721e-08	5.663345852237829005e-08
4.330000000000000000e+02	3.965251985154227271e-08	2.508795375323296300e-08	5.421708594985158242e-08
4.340000000000000000e+02	4.011732925044605324e-08	2.525268867133793327e-08	5.498196982955417322e-08
4.350000000000000000e+02	3.826183103323169440e-08	2.420414333501660730e-08	5.231951873144678481e-08
4.360000000000000000e+02	3.843028884052611940e-08	2.384095504036266553e-08	5.301962264068957327e-08
4.370000000000000000e+02	3.707156731538207075e-08	2.305529890165369416e-08	5.108783572911044734e-08
4.380000000000000000e+02	3.652447774433780572e-08	2.275998917818854081e-08	5.028896631048707062e-08
4.390000000000000000e+02	3.584186532079979003e-08	2.216886568209217176e-08	4.951486495950740830e-08
4.400000000000000000e+02	3.464081222834580735e-08	2.123490317723980464e-08	4.804672127945181337e-08
4.410000000000000000e+02	3.593326785265960577e-08	2.251760628012224978e-08	4.934892942519696176e-08
4.420000000000000000e+02	3.386037337438120069e-08	2.074348119304315667e-08	4.697726555571924471e-08
4.430000000000000000e+02	3.379725837474813910e-08	2.060607013589365000e-08	4.698844661360263151e-08
4.440000000000000000e+02	3.205097624102246337e-08	1.976054796945465742e-08	4.434140451259026931e-08
4.450000000000000000e+02	3.290168589801523293e-08	2.013649593480627460e-08	4.566687586122419458e-08
4.460000000000000000e+02	3.137386024603346003e-08	1.948676740228476519e-08	4.326095308978215156e-08
4.470000000000000000e+02	3.127740269356197760e-08	1.905227117826815004e-08	4.350253420885580516e-08
4.480000000000000000e+02	3.075715136459733882e-08	1.895743595553343276e-08	4.255686677366124488e-08
4.490000000000000000e+02	3.032578968369072190e-08	1.834781498321699887e-08	4.230376438416444492e-08
4.500000000000000000e+02	2.966276115841636565e-08	1.805508679980765048e-08	4.127043551702508082e-08
4.510000000000000000e+02	2.844692254186234687e-08	1.729925053932914631e-08	3.959459454439554743e-08
4.520000000000000000e+02	2.819475590610992522e-08	1.700860768773689785e-08	3.938090412448294927e-08
4.530000000000000000e+02	2.834142817295944226e-08	1.729219997149670389e-08	3.939065637442218064e-08
4.540000000000000000e+02	2.746106029633403270e-08	1.647697041338457945e-08	3.844515017928348263e-08
4.550000000000000000e+02	2.706611481894013233e-08	1.649325810964098400e-08	3.763897152823928396e-08
4.560000000000000000e+02	2.610152618855299053e-08	1.568282170022221375e-08	3.652023067688376731e-08
4.570000000000000000e+02	2.608011978630795832e-08	1.577617441740520800e-08	3.638406515521070864e-08
4.580000000000000000e+02	2.604019820338394681e-08	1.570784997078465832e-08	3.637254643598323530e-08
4.590000000000000000e+02	2.506701786365025553e-08	1.488450959252955135e-08	3.524952613477095805e-08
4.600000000000000000e+02	2.520327366150177384e-08	1.511172194190728820e-08	3.529482538109625617e-08
4.610000000000000000e+02	2.353752653984196651e-08	1.423009570499177669e-08	3.284495737469215467e-08
4.620000000000000000e+02	2.469229744619281524e-08	1.482789205050564889e-08	3.455670284187998325e-08
4.630000000000000000e+02	2.363517729406118217e-08	1.410369535015309932e-08	3.316665923796926336e-08
4.640000000000000000e+02	2.248638426064910456e-08	1.362173661138737684e-08	3.135103190991083063e-08
4.650000000000000000e+02	2.289240002091382504e-08	1.380067003692768809e-08	3.198413000489996531e-08
4.660000000000000000e+02	2.204844778281389384e-08	1.311038535577479686e-08	3.098651020985298917e-08
4.670000000000000000e+02	2.243473079755248401e-08	1.343487940283802406e-08	3.143458219226694561e-08
4.680000000000000000e+02	2.122629292704547416e-08	1.261717002256724174e-08	2.983541583152370658e-08
4.690000000000000000e+02	2.070172993170878487e-08	1.231276090632230258e-08	2.909069895709526550e-08
4.700000000000000000e+02	2.128516512647788567e-08	1.247255398569779610e-08	3.009777626725797690e-08
4.710000000000000000e+02	2.023255446758266459e-08	1.201478771199212922e-08	2.845032122317319996e-08
4.720000000000000000e+02	2.068754239911711646e-08	1.237400774602436862e-08	2.900107705220986429e-08
4.730000000000000000e+02	1.943885611636489989e-08	1.133532990023277974e-08	2.754238233249701839e-08
4.740000000000000000e+02	1.917726424239540367e-08	1.123319742654037992e-08	2.712133105825042742e-08
4.750000000000000000e+02	1.928927222797116432e-08	1.136512952781818602e-08	2.721341492812414261e-08
4.760000000000000000e+02	1.855948214538174307e-08	1.072628478523887861e-08	2.639267950552460587e-08
4.770000000000000000e+02	1.864664583976023384e-08	1.077578817726817216e-08	2.651750350225229552e-08
4.780000000000000000e+02	1.786724659324237410e-08	1.049386883551453876e-08	2.524062435097020944e-08
4.790000000000000000e+02	1.807929074862549565e-08	1.035192258909236710e-08	2.580665890815862419e-08
4.800000000000000000e+02	1.789532700494216671e-08	1.041605529138167288e-08	2.537459871850266053e-08
4.810000000000000000e+02	1.687283547616057578e-08	9.869198989918121990e-09	2.387647196240302958e-08
4.820000000000000000e+02	1.744879401520161771e-08	1.011610668742259172e-08	2.478148134298064369e-08
4.830000000000000000e+02	1.670053772681215462e-08	9.523622670229419311e-09	2.387745278339488992e-08
4.840000000000000000e+02	1.679204344485244565e-08	9.824487543122856680e-09	2.375959934658203628e-08
4.850000000000000000e+02	1.633082150999642159e-08	9.528479386780815026e-09	2.313316363321202815e-08
4.860000000000000000e+02	1.595596024210010302e-08	9.164407688938989949e-09	2.274751279526121775e-08
4.870000000000000000e+02	1.595260675920024376e-08	9.373384429492058407e-09	2.253182908890843077e-08
4.880000000000000000e+02	1.541090715557050970e-08	8.916267244747285873e-09	2.190554706639373353e-08
4.890000000000000000e+02	1.531211687504860730e-08	8.932995064448162486e-09	2.169123868564905211e-08
4.900000000000000000e+02	1.523787988797159974e-08	8.802808966649200822e-09	2.167295080929399865e-08
4.910000000000000000e+02	1.508414810138303656e-08	8.721165408245133445e-09	2.144713079452093967e-08
4.920000000000000000e+02	1.495400930613832279e-08	8.688187841108669611e-09	2.121983077116797762e-08
4.930000000000000000e+02	1.449186722797491151e-08	8.285043479005848385e-09	2.069869097694397463e-08
4.940000000000000000e+02	1.434818654850782531e-08	8.220175055989400280e-09	2.047619804102625034e-08
4.950000000000000000e+02	1.403972544533460174e-08	8.109427432514217243e-09	1.997002345815498623e-08
4.960000000000000000e+02	1.436899048904320012e-08	8.216228287972642255e-09	2.052175269011375799e-08
4.970000000000000000e+02	1.381724354472760169e-08	7.877495567351155564e-09	1.975699152210404781e-08
4.980000000000000000e+02	1.346600934899579789e-08	7.735376397439485895e-09	1.919664230055210988e-08
4.990000000000000000e+02	1.351159986929360678e-08	7.769577312799272019e-09	1.925362242578794153e-08
5.000000000000000000e+02	1.346410060725970065e-08	7.703072881338813289e-09	1.922512833318058801e-08
5.010000000000000000e+02	1.331025566784795465e-08	7.656303768028263390e-09	1.896420756766764426e-08
5.020000000000000000e+02	1.304254589386051716e-08	7.204226320916674311e-09	1.888086546680435918e-08
5.030000000000000000e+02	1.283183197938921652e-08	7.156704270475573953e-09	1.850695968830285909e-08
5.040000000000000000e+02	1.293482535711668092e-08	7.186459033935487993e-09	1.868319168029787386e-08
5.050000000000000000e+02	1.290379422729801058e-08	7.034153537966981758e-09	1.877343491662904024e-08
5.060000000000000000e+02	1.284028263141589805e-08	7.037425922074269731e-09	1.864313934075752803e-08
5.070000000000000000e+02	1.244839741136041017e-08	6.706926196181658758e-09	1.818986862653916076e-08
5.080000000000000000e+02	1.277137258978781212e-08	6.927052641755794407e-09	1.861569253781983149e-08
5.090000000000000000e+02	1.253569447671823812e-08	6.698428139110690663e-09	1.837296081432578475e-08
5.100000000000000000e+02	1.245168877136348331e-08	6.528574556657345746e-09	1.837480298606962087e-08
