0.000000000000000000e+00	5.422836371032818654e-30	3.635176044563947736e-30	7.210496697501689573e-30
1.000000000000000000e+00	7.283238429186374985e-01	4.795118525930978093e-01	9.771358332441771877e-01
2.000000000000000000e+00	3.595803394519925256e+00	2.109473060105175435e+00	5.082133728934675077e+00
3.000000000000000000e+00	7.134033679368876335e+00	4.265805715235298834e+00	1.000226164350245384e+01
4.000000000000000000e+00	1.496911027282333606e+01	9.218193495485163425e+00	2.072002705016150870e+01
5.000000000000000000e+00	6.184173114016255468e+00	4.135929911371009737e+00	8.232416316661501199e+00
6.000000000000000000e+00	6.065100601760219590e+00	3.971843785903848900e+00	8.158357417616590723e+00
7.000000000000000000e+00	4.320963322174744548e+00	2.861398492970161467e+00	5.780528151379327184e+00
8.000000000000000000e+00	3.890005125197342650e+00	2.378492909005428313e+00	5.401517341389256543e+00
9.000000000000000000e+00	3.902457989526658455e+00	2.717130797313108914e+00	5.087785181740207996e+00
1.000000000000000000e+01	2.529628691051556189e+00	1.886077633105888163e+00	3.173179748997224436e+00
1.100000000000000000e+01	2.714301760355624094e+00	1.980634061664646284e+00	3.447969459046602125e+00
1.200000000000000000e+01	2.327288409659076240e+00	1.735407916710076215e+00	2.919168902608076266e+00
1.300000000000000000e+01	2.691517650544718698e+00	1.941772972721659496e+00	3.441262328367777901e+00
1.400000000000000000e+01	2.253582960879279895e+00	1.634496834580693836e+00	2.872669087177865954e+00
1.500000000000000000e+01	1.971059417573262529e+00	1.479647829173473594e+00	2.462471005973051241e+00
1.600000000000000000e+01	2.482800473792087903e+00	1.873938218543641510e+00	3.091662729040534074e+00
1.700000000000000000e+01	2.185821452482227478e+00	1.700480966130677452e+00	2.671161938833777505e+00
1.800000000000000000e+01	2.082754959441699416e+00	1.572156432579163265e+00	2.593353486304235567e+00
1.900000000000000000e+01	1.952864903398750629e+00	1.481331823352749932e+00	2.424397983444751326e+00
2.000000000000000000e+01	1.730285157212754887e+00	1.340850283780959273e+00	2.119720030644550501e+00
2.100000000000000000e+01	2.080377210781897634e+00	1.641198870221196815e+00	2.519555551342598232e+00
2.200000000000000000e+01	1.838782566027558296e+00	1.443939031121892258e+00	2.233626100933224556e+00
2.300000000000000000e+01	1.775144012646591163e+00	1.345666529408688250e+00	2.204621495884493854e+00
2.400000000000000000e+01	1.636070691926558629e+00	1.298839239433376092e+00	1.973302144419741166e+00
2.500000000000000000e+01	1.839005907879484036e+00	1.429554656770756660e+00	2.248457158988211635e+00
2.600000000000000000e+01	1.649187229404014188e+00	1.256468476530139489e+00	2.041905982277889109e+00
2.700000000000000000e+01	1.544661796246820762e+00	1.184360649727619119e+00	1.904962942766022405e+00
2.800000000000000000e+01	1.686135267541297278e+00	1.332519324124936677e+00	2.039751210957657879e+00
2.900000000000000000e+01	1.421969345941701768e+00	1.105518345009510517e+00	1.738420346873893019e+00
3.000000000000000000e+01	1.614632782253437426e+00	1.236973937098017284e+00	1.992291627408857568e+00
3.100000000000000000e+01	1.473910297657586632e+00	1.098132339723431050e+00	1.849688255591742214e+00
3.200000000000000000e+01	1.369263625071624135e+00	1.047744174780775195e+00	1.690783075362473076e+00
3.300000000000000000e+01	1.499148511622649060e+00	1.197474803383249853e+00	1.800822219862048268e+00
3.400000000000000000e+01	1.566059309676498756e+00	1.227425635572991780e+00	1.904692983780005733e+00
3.500000000000000000e+01	1.480439420883249424e+00	1.123046723342197906e+00	1.837832118424300942e+00
3.600000000000000000e+01	1.411269879506456881e+00	1.099987602739731285e+00	1.722552156273182478e+00
3.700000000000000000e+01	1.324951325123790546e+00	1.063345542742130778e+00	1.586557107505450315e+00
3.800000000000000000e+01	1.408144468732379195e+00	1.118826440432921787e+00	1.697462497031836604e+00
3.900000000000000000e+01	1.300307479745265171e+00	1.050674364914957026e+00	1.549940594575573316e+00
4.000000000000000000e+01	1.475564469718068983e+00	1.156230373651859544e+00	1.794898565784278421e+00
4.100000000000000000e+01	1.324764973391821199e+00	1.041082463987769158e+00	1.608447482795873240e+00
4.200000000000000000e+01	1.335635606233380734e+00	1.044074459348862227e+00	1.627196753117899242e+00
4.300000000000000000e+01	1.349123453376240400e+00	1.064002523558141844e+00	1.634244383194338956e+00
4.400000000000000000e+01	1.224949398429235892e+00	9.440151689536475654e-01	1.505883627904824218e+00
4.500000000000000000e+01	1.266292105698322290e+00	9.758818050544149081e-01	1.556702406342229672e+00
4.600000000000000000e+01	1.161687188926977088e+00	8.953087442110442273e-01	1.428065633642909837e+00
4.700000000000000000e+01	1.272404658878948824e+00	9.846726105361905956e-01	1.560136707221706942e+00
4.800000000000000000e+01	1.212347963050808497e+00	9.303972083690301709e-01	1.494298717732586823e+00
4.900000000000000000e+01	1.153763821710066972e+00	8.859531284978574561e-01	1.421574514922276489e+00
5.000000000000000000e+01	1.152103313084940295e+00	9.156842561925448987e-01	1.388522369977335691e+00
5.100000000000000000e+01	1.128784960964286821e+00	8.744268509722914473e-01	1.383143070956282195e+00
5.200000000000000000e+01	1.173949456930541313e+00	9.394204189457838750e-01	1.408478494915298862e+00
5.300000000000000000e+01	1.048232148114420781e+00	8.164828547775547785e-01	1.279981441451286672e+00
5.400000000000000000e+01	1.092896297647666382e+00	8.787175283220847177e-01	1.307075066973248045e+00
5.500000000000000000e+01	1.106453082247049746e+00	8.955361157208558964e-01	1.317370048773243596e+00
5.600000000000000000e+01	1.006914501036705101e+00	8.339489516750011600e-01	1.179880050398409042e+00
5.700000000000000000e+01	1.112613352396539801e+00	8.958854903030279981e-01	1.329341214490051604e+00
5.800000000000000000e+01	9.459463979103474029e-01	7.523549016174180259e-01	1.139537894203276780e+00
5.900000000000000000e+01	1.078893243973537475e+00	8.782797048112253036e-01	1.279506783135849535e+00
6.000000000000000000e+01	1.038350223733471633e+00	8.236684412037879044e-01	1.253032006263155251e+00
6.100000000000000000e+01	9.424455441567090030e-01	7.509711547552568867e-01	1.133919933558161119e+00
6.200000000000000000e+01	1.002928275304919126e+00	7.850538434095680751e-01	1.220802707200270065e+00
6.300000000000000000e+01	8.932771104908997506e-01	7.068765559315625113e-01	1.079677665050236879e+00
6.400000000000000000e+01	1.046525917876394152e+00	8.318941562965413983e-01	1.261157679456246905e+00
6.500000000000000000e+01	9.209229830061775868e-01	7.399293320493811610e-01	1.101916633962974013e+00
6.600000000000000000e+01	9.350122397026896515e-01	7.402105435555725865e-01	1.129813935849806716e+00
6.700000000000000000e+01	9.170653790808731554e-01	7.261726738232940903e-01	1.107958084338452220e+00
6.800000000000000000e+01	8.899977276805546289e-01	7.082761170578074639e-01	1.071719338303301905e+00
6.900000000000000000e+01	9.092978057791571977e-01	7.240191344433434262e-01	1.094576477114971080e+00
7.000000000000000000e+01	8.298309794602768408e-01	6.554734362233953782e-01	1.004188522697158303e+00
7.100000000000000000e+01	8.514491270137132251e-01	6.616388205696376312e-01	1.041259433457788930e+00
7.200000000000000000e+01	9.162999324146611224e-01	7.133508069824539000e-01	1.119249057846868345e+00
7.300000000000000000e+01	8.364055452846155259e-01	6.618651049536137254e-01	1.010945985615617326e+00
7.400000000000000000e+01	8.593513390277675024e-01	6.678909099596632704e-01	1.050811768095871734e+00
7.500000000000000000e+01	8.118927709179604157e-01	6.208483911525435328e-01	1.002937150683377299e+00
7.600000000000000000e+01	8.476977459988321861e-01	6.697860712329023469e-01	1.025609420764761914e+00
7.700000000000000000e+01	8.514017836224934133e-01	6.500503539862241276e-01	1.052753213258762699e+00
7.800000000000000000e+01	7.729630089654605518e-01	6.003677345012983224e-01	9.455582834296227812e-01
7.900000000000000000e+01	7.998668940693665075e-01	6.299707842617402465e-01	9.697630038769927685e-01
8.000000000000000000e+01	7.609717509543014735e-01	6.058841321087883314e-01	9.160593697998146157e-01
8.100000000000000000e+01	8.210530678733567456e-01	6.398834809908909849e-01	1.002222654755822617e+00
8.200000000000000000e+01	7.481255618327741219e-01	5.917643411418690436e-01	9.044867825236792003e-01
8.300000000000000000e+01	7.416456617360184245e-01	5.810124616686840326e-01	9.022788618033528163e-01
8.400000000000000000e+01	7.269611149156058882e-01	5.746727395718150833e-01	8.792494902593966932e-01
8.500000000000000000e+01	7.402317718604836116e-01	5.834117107738971963e-01	8.970518329470700269e-01
8.600000000000000000e+01	7.283163923868495315e-01	5.836922393664548681e-01	8.729405454072441950e-01
8.700000000000000000e+01	7.023366512763509206e-01	5.509113463085391071e-01	8.537619562441627341e-01
8.800000000000000000e+01	6.939735037529682904e-01	5.508436231805065031e-01	8.371033843254300777e-01
8.900000000000000000e+01	7.171047562544429210e-01	5.747585927528402472e-01	8.594509197560455949e-01
9.000000000000000000e+01	6.839247315765626389e-01	5.271790481182416777e-01	8.406704150348836002e-01
9.100000000000000000e+01	6.799944814224184730e-01	5.333081415627768385e-01	8.266808212820601076e-01
9.200000000000000000e+01	6.561470648799661021e-01	5.027769540740997245e-01	8.095171756858324796e-01
9.300000000000000000e+01	6.787078240365120863e-01	5.232337520379020113e-01	8.341818960351221612e-01
9.400000000000000000e+01	6.377053855196068710e-01	4.917787758553757715e-01	7.836319951838379705e-01
9.500000000000000000e+01	6.347844359979282203e-01	4.868969214254337818e-01	7.826719505704227142e-01
9.600000000000000000e+01	6.260422931978442129e-01	4.870295154534349802e-01	7.650550709422534457e-01
9.700000000000000000e+01	6.300215540645447421e-01	4.864360719370102171e-01	7.736070361920792671e-01
9.800000000000000000e+01	6.669419955103188524e-01	5.134614928223087960e-01	8.204224981983289089e-01
9.900000000000000000e+01	5.779013246008412041e-01	4.405786252733827069e-01	7.152240239282996459e-01
1.000000000000000000e+02	6.106750808968298694e-01	4.648526434620862680e-01	7.564975183315734153e-01
1.010000000000000000e+02	5.528414410963190528e-01	4.325100483608699808e-01	6.731728338317681803e-01
1.020000000000000000e+02	6.089350843917586964e-01	4.734238903666132536e-01	7.444462784169041392e-01
1.030000000000000000e+02	5.985659585126930082e-01	4.634660164755560197e-01	7.336659005498300523e-01
1.040000000000000000e+02	5.430502527920979539e-01	4.216822666550032461e-01	6.644182389291927171e-01
1.050000000000000000e+02	5.659454023478932561e-01	4.440710815863729843e-01	6.878197231094135278e-01
1.060000000000000000e+02	5.416600958106619901e-01	4.206665766424469988e-01	6.626536149788769814e-01
1.070000000000000000e+02	5.493574001063266099e-01	4.258873033920178575e-01	6.728274968206353623e-01
1.080000000000000000e+02	5.536150027399849849e-01	4.246628970176603013e-01	6.825671084623097240e-01
1.090000000000000000e+02	5.240256890658480105e-01	4.036421840190988486e-01	6.444091941125971168e-01
1.100000000000000000e+02	5.539917112582206649e-01	4.248854687588561330e-01	6.830979537575851968e-01
1.110000000000000000e+02	4.921972756369055180e-01	3.826278103187430446e-01	6.017667409550679913e-01
1.120000000000000000e+02	5.140830328781773595e-01	3.963192872246523724e-01	6.318467785317023466e-01
1.130000000000000000e+02	5.014936433679547667e-01	3.870276737904975173e-01	6.159596129454120161e-01
1.140000000000000000e+02	4.985845241827799867e-01	3.840126344110244005e-01	6.131564139545355729e-01
1.150000000000000000e+02	5.079712305829642283e-01	3.779718925685997544e-01	6.379705685973287022e-01
1.160000000000000000e+02	4.838700528395723510e-01	3.655883460872536017e-01	6.021517595918910448e-01
1.170000000000000000e+02	4.731673620481380294e-01	3.652586845284567785e-01	5.810760395678192802e-01
1.180000000000000000e+02	4.604863199205649904e-01	3.515887776796726150e-01	5.693838621614573103e-01
1.190000000000000000e+02	4.635291600969684289e-01	3.573475615805208339e-01	5.697107586134160240e-01
1.200000000000000000e+02	4.805991858028768604e-01	3.667705257867888147e-01	5.944278458189649061e-01
1.210000000000000000e+02	4.580516675351228861e-01	3.538543788744139551e-01	5.622489561958318172e-01
1.220000000000000000e+02	4.560558719140742068e-01	3.518546534419921823e-01	5.602570903861562313e-01
1.230000000000000000e+02	4.464803246217655119e-01	3.374290420972755888e-01	5.555316071462554905e-01
1.240000000000000000e+02	4.324943899179063411e-01	3.264569814089997579e-01	5.385317984268129798e-01
1.250000000000000000e+02	4.231258827626115382e-01	3.225368663606118513e-01	5.237148991646112250e-01
1.260000000000000000e+02	4.159368584566489613e-01	3.144135506985014095e-01	5.174601662147965131e-01
1.270000000000000000e+02	4.375344222896515589e-01	3.360529487106748703e-01	5.390158958686281920e-01
1.280000000000000000e+02	4.016080041135915435e-01	3.011072954157537618e-01	5.021087128114293252e-01
1.290000000000000000e+02	4.057077543447162316e-01	3.078270835470483524e-01	5.035884251423841107e-01
1.300000000000000000e+02	3.968882297165959860e-01	2.955186590938566615e-01	4.982578003393353105e-01
1.310000000000000000e+02	3.907137573136624797e-01	2.926896938652334135e-01	4.887378207620915460e-01
1.320000000000000000e+02	4.050181167336214250e-01	3.004044309617097674e-01	5.096318025055330825e-01
1.330000000000000000e+02	3.842593490956824342e-01	2.870383508800613548e-01	4.814803473113035137e-01
1.340000000000000000e+02	3.922075278254457675e-01	2.908729626809241076e-01	4.935420929699674275e-01
1.350000000000000000e+02	3.725873894837951616e-01	2.791557232600007099e-01	4.660190557075896134e-01
1.360000000000000000e+02	3.810644807300843095e-01	2.920391503585143544e-01	4.700898111016542646e-01
1.370000000000000000e+02	3.674709439759072382e-01	2.727953372165135559e-01	4.621465507353009206e-01
1.380000000000000000e+02	3.539926304147009706e-01	2.702739756831519236e-01	4.377112851462500176e-01
1.390000000000000000e+02	3.689179942071428298e-01	2.784935855623318357e-01	4.593424028519538238e-01
1.400000000000000000e+02	3.605952089744438593e-01	2.764304848679823845e-01	4.447599330809053342e-01
1.410000000000000000e+02	3.503722912520173538e-01	2.691418062476172990e-01	4.316027762564174086e-01
1.420000000000000000e+02	3.293796372500215619e-01	2.525325656566262400e-01	4.062267088434168838e-01
1.430000000000000000e+02	3.218376591800781727e-01	2.497769076452012738e-01	3.938984107149550717e-01
1.440000000000000000e+02	3.465122670077052658e-01	2.667939382023985506e-01	4.262305958130119810e-01
1.450000000000000000e+02	3.369174754787683801e-01	2.535700604963977423e-01	4.202648904611390179e-01
1.460000000000000000e+02	3.265955829220371087e-01	2.457185769390370922e-01	4.074725889050371253e-01
1.470000000000000000e+02	3.117531979691099964e-01	2.341645364395423812e-01	3.893418594986776116e-01
1.480000000000000000e+02	3.177342754598809771e-01	2.357419584076946295e-01	3.997265925120673247e-01
1.490000000000000000e+02	3.198450801588556547e-01	2.363346523016000011e-01	4.033555080161113082e-01
1.500000000000000000e+02	2.940422024187835381e-01	2.197776768424626881e-01	3.683067279951043882e-01
1.510000000000000000e+02	3.100312079703982926e-01	2.308404094493622660e-01	3.892220064914343469e-01
1.520000000000000000e+02	2.841924786135877068e-01	2.075796115442843093e-01	3.608053456828911321e-01
1.530000000000000000e+02	3.029488902779948756e-01	2.283368529553499449e-01	3.775609276006398063e-01
1.540000000000000000e+02	2.876144017084086846e-01	2.117069944773969925e-01	3.635218089394203766e-01
1.550000000000000000e+02	2.777880414589810054e-01	2.080832789252524129e-01	3.474928039927095980e-01
1.560000000000000000e+02	2.911866609280164830e-01	2.145831206192802543e-01	3.677902012367527118e-01
1.570000000000000000e+02	2.866944927322372383e-01	2.122535685808931150e-01	3.611354168835813616e-01
1.580000000000000000e+02	2.843337449259548677e-01	2.125962207659060632e-01	3.560712690860036722e-01
1.590000000000000000e+02	2.620012910991174615e-01	1.958528614152320602e-01	3.281497207830028628e-01
1.600000000000000000e+02	2.588828399306865036e-01	1.938105959531214728e-01	3.239550839082515621e-01
1.610000000000000000e+02	2.742164406660954068e-01	2.018616979511826948e-01	3.465711833810081188e-01
1.620000000000000000e+02	2.589806634980487132e-01	1.910553373235128749e-01	3.269059896725845515e-01
1.630000000000000000e+02	2.655291637465602150e-01	1.990438139321591970e-01	3.320145135609612330e-01
1.640000000000000000e+02	2.476241444623199783e-01	1.845160510234681861e-01	3.107322379011717706e-01
1.650000000000000000e+02	2.563896723015818835e-01	1.893870665039746326e-01	3.233922780991891344e-01
1.660000000000000000e+02	2.514003311131216001e-01	1.881844528656168858e-01	3.146162093606262866e-01
1.670000000000000000e+02	2.342715920835411192e-01	1.769760596570263966e-01	2.915671245100558417e-01
1.680000000000000000e+02	2.453012962272538011e-01	1.819290635910834064e-01	3.086735288634241958e-01
1.690000000000000000e+02	2.423058220725013423e-01	1.811904554015688340e-01	3.034211887434338784e-01
1.700000000000000000e+02	2.401590743370045911e-01	1.777990688262812979e-01	3.025190798477278564e-01
1.710000000000000000e+02	2.377417668239034110e-01	1.734453873280317748e-01	3.020381463197750471e-01
1.720000000000000000e+02	2.180387393854059386e-01	1.608668877267445951e-01	2.752105910440673098e-01
1.730000000000000000e+02	2.342904956674092265e-01	1.740970440568119226e-01	2.944839472780065304e-01
1.740000000000000000e+02	2.246972341612289703e-01	1.663291455187456691e-01	2.830653228037122715e-01
1.750000000000000000e+02	2.161344803579097751e-01	1.634384663599165732e-01	2.688304943559030047e-01
1.760000000000000000e+02	2.219198776048265098e-01	1.635852815183684861e-01	2.802544736912845336e-01
1.770000000000000000e+02	2.095728243716128147e-01	1.575773338670635182e-01	2.615683148761621113e-01
1.780000000000000000e+02	2.222129975007075542e-01	1.660858755042427526e-01	2.783401194971723558e-01
1.790000000000000000e+02	2.063509369269215521e-01	1.544131212328213598e-01	2.582887526210217444e-01
1.800000000000000000e+02	2.091964802297883452e-01	1.533049370389391042e-01	2.650880234206375863e-01
1.810000000000000000e+02	2.027063027550871921e-01	1.491341589296356074e-01	2.562784465805387768e-01
1.820000000000000000e+02	2.038122000749020557e-01	1.529446898769188379e-01	2.546797102728852735e-01
1.830000000000000000e+02	1.981222242317946802e-01	1.496113170422606331e-01	2.466331314213287274e-01
1.840000000000000000e+02	1.931258280505972758e-01	1.457813880762456049e-01	2.404702680249489466e-01
1.850000000000000000e+02	1.899396731297357255e-01	1.413620015785447825e-01	2.385173446809266684e-01
1.860000000000000000e+02	1.889452529964840699e-01	1.422443211314042277e-01	2.356461848615639121e-01
1.870000000000000000e+02	1.902190083718485747e-01	1.406773495511145777e-01	2.397606671925825716e-01
1.880000000000000000e+02	1.837577855056454490e-01	1.357185437018861018e-01	2.317970273094047962e-01
1.890000000000000000e+02	1.796998905968736904e-01	1.343942917026192119e-01	2.250054894911281689e-01
1.900000000000000000e+02	1.746187233060801647e-01	1.312910854819118456e-01	2.179463611302484838e-01
1.910000000000000000e+02	1.823690381720566578e-01	1.374897574710356729e-01	2.272483188730776427e-01
1.920000000000000000e+02	1.727334827382453197e-01	1.278005917717757178e-01	2.176663737047149216e-01
1.930000000000000000e+02	1.725851294710382677e-01	1.315014380180835885e-01	2.136688209239929470e-01
1.940000000000000000e+02	1.672874812303743464e-01	1.266074688665538017e-01	2.079674935941948910e-01
1.950000000000000000e+02	1.676779308842529237e-01	1.265329556689363533e-01	2.088229060995694941e-01
1.960000000000000000e+02	1.632009282935434069e-01	1.229876295278101994e-01	2.034142270592766144e-01
1.970000000000000000e+02	1.652309115850032761e-01	1.259227087107155085e-01	2.045391144592910437e-01
1.980000000000000000e+02	1.564129031949141879e-01	1.166655884262043363e-01	1.961602179636240395e-01
1.990000000000000000e+02	1.605512294372675730e-01	1.198553772214298319e-01	2.012470816531053142e-01
2.000000000000000000e+02	1.522919387065329033e-01	1.131920523974932619e-01	1.913918250155725587e-01
2.010000000000000000e+02	1.500744933137726500e-01	1.122713169765397478e-01	1.878776696510055522e-01
2.020000000000000000e+02	1.545222372899750229e-01	1.150703002787179519e-01	1.939741743012320940e-01
2.030000000000000000e+02	1.468293830012023515e-01	1.092030921616931327e-01	1.844556738407115704e-01
2.040000000000000000e+02	1.497654486146830499e-01	1.102887112787648005e-01	1.892421859506012993e-01
2.050000000000000000e+02	1.404053523960721861e-01	1.050706922797478293e-01	1.757400125123965429e-01
2.060000000000000000e+02	1.431393940938083531e-01	1.079906808155102760e-01	1.782881073721064302e-01
2.070000000000000000e+02	1.399981426915398453e-01	1.041657402362661244e-01	1.758305451468135661e-01
2.080000000000000000e+02	1.415569570075940753e-01	1.050651042865811680e-01	1.780488097286069826e-01
2.090000000000000000e+02	1.398455826754538001e-01	1.041872045440175865e-01	1.755039608068900137e-01
2.100000000000000000e+02	1.312557154230816758e-01	9.731299287934694342e-02	1.651984379668164082e-01
2.110000000000000000e+02	1.337993121845019173e-01	1.003910279271050254e-01	1.672075964418988092e-01
2.120000000000000000e+02	1.337839659644566859e-01	9.889665899989819042e-02	1.686712729290151813e-01
2.130000000000000000e+02	1.283070000183765824e-01	9.669895858855867554e-02	1.599150414481944893e-01
2.140000000000000000e+02	1.298595190583679559e-01	9.646516302858290648e-02	1.632538750881530054e-01
2.150000000000000000e+02	1.206176845706399270e-01	9.010383548917720586e-02	1.511315336521026342e-01
2.160000000000000000e+02	1.292466588597918908e-01	9.694419862286250689e-02	1.615491190967212609e-01
2.170000000000000000e+02	1.241201973026074823e-01	9.223205061663052040e-02	1.560083439885844303e-01
2.180000000000000000e+02	1.183292813160934098e-01	8.727650654003916986e-02	1.493820560921476637e-01
2.190000000000000000e+02	1.250296450058724362e-01	9.262407546127476854e-02	1.574352145504701039e-01
2.200000000000000000e+02	1.161307793514940734e-01	8.504780119515041592e-02	1.472137575078377170e-01
2.210000000000000000e+02	1.198155720733091872e-01	8.879280966228553229e-02	1.508383344843328422e-01
2.220000000000000000e+02	1.141551723593431933e-01	8.353603631898497139e-02	1.447743083997014013e-01
2.230000000000000000e+02	1.108317713270881022e-01	8.256477635928954895e-02	1.390987662948866554e-01
2.240000000000000000e+02	1.091961734556789604e-01	7.949921444622720657e-02	1.388931324651307142e-01
2.250000000000000000e+02	1.115242988486446346e-01	8.198028736349841084e-02	1.410683103337908584e-01
2.260000000000000000e+02	1.101742468689143606e-01	8.016574483133666329e-02	1.401827489064920440e-01
2.270000000000000000e+02	1.047526489369697833e-01	7.643253001868344221e-02	1.330727678552561244e-01
2.280000000000000000e+02	1.061857788003789660e-01	7.825052860095753349e-02	1.341210289998003846e-01
2.290000000000000000e+02	1.043425087779678989e-01	7.718321315646477221e-02	1.315018043994710117e-01
2.300000000000000000e+02	1.016556582003104864e-01	7.537434449704485950e-02	1.279369719035761133e-01
2.310000000000000000e+02	1.022405908434942390e-01	7.645912645963993948e-02	1.280220552273485246e-01
2.320000000000000000e+02	9.833021295904897929e-02	7.304606314237335751e-02	1.236143627757246011e-01
2.330000000000000000e+02	1.007034646263544331e-01	7.419635045063367740e-02	1.272105788020752026e-01
2.340000000000000000e+02	9.587927980348237567e-02	7.055999414748731491e-02	1.211985654594774364e-01
2.350000000000000000e+02	9.417819279007304256e-02	7.032297202255329005e-02	1.180334135575927951e-01
2.360000000000000000e+02	9.379163009595181677e-02	6.925578321727632325e-02	1.183274769746273103e-01
2.370000000000000000e+02	9.260886026443226893e-02	6.769160031878196371e-02	1.175261202100825741e-01
2.380000000000000000e+02	9.360134511910789268e-02	6.886999404485069642e-02	1.183326961933650889e-01
2.390000000000000000e+02	8.898814962170668863e-02	6.553949567103847795e-02	1.124368035723748993e-01
2.400000000000000000e+02	8.730990979516194128e-02	6.357781937988492282e-02	1.110420002104389597e-01
2.410000000000000000e+02	8.880305485436824908e-02	6.512736252738859921e-02	1.124787471813478990e-01
2.420000000000000000e+02	8.502822363644893522e-02	6.242893917833802764e-02	1.076275080945598428e-01
2.430000000000000000e+02	8.735070793988027049e-02	6.416861633978547530e-02	1.105327995399750657e-01
2.440000000000000000e+02	8.624191569713776651e-02	6.286734811191796446e-02	1.096164832823575686e-01
2.450000000000000000e+02	8.438569003447952965e-02	6.208152534626220492e-02	1.066898547226968474e-01
2.460000000000000000e+02	8.355465594580886723e-02	6.158094884562784199e-02	1.055283630459898925e-01
2.470000000000000000e+02	7.931026949162083006e-02	5.784959590416377528e-02	1.007709430790778848e-01
2.480000000000000000e+02	8.124845809862737966e-02	5.971577713588623049e-02	1.027811390613685288e-01
2.490000000000000000e+02	7.694827028759453069e-02	5.651352901354674690e-02	9.738301156164230754e-02
2.500000000000000000e+02	8.117576296857244300e-02	5.894393781054948350e-02	1.034075881265953956e-01
2.510000000000000000e+02	7.648022304795602799e-02	5.555584766787836914e-02	9.740459842803368684e-02
2.520000000000000000e+02	7.577294882830443168e-02	5.526908029062965744e-02	9.627681736597920592e-02
2.530000000000000000e+02	7.475823484633868643e-02	5.393482208530156474e-02	9.558164760737580812e-02
2.540000000000000000e+02	7.443666624944922372e-02	5.342202617202447545e-02	9.545130632687397199e-02
2.550000000000000000e+02	7.446956270724167104e-02	5.396259115349309743e-02	9.497653426099024465e-02
2.560000000000000000e+02	7.196260608201977826e-02	5.249418576231752731e-02	9.143102640172202922e-02
2.570000000000000000e+02	7.185008346470972418e-02	5.157656553368729357e-02	9.212360139573215478e-02
2.580000000000000000e+02	6.883928499972517823e-02	5.016429269607900615e-02	8.751427730337135724e-02
2.590000000000000000e+02	6.842299456495579135e-02	4.879437705318180607e-02	8.805161207672977663e-02
2.600000000000000000e+02	6.943599921294560384e-02	5.024335695248746680e-02	8.862864147340374088e-02
2.610000000000000000e+02	6.541416974147547247e-02	4.688138090419929904e-02	8.394695857875164591e-02
2.620000000000000000e+02	6.793329863270371194e-02	4.879233828340859974e-02	8.707425898199883108e-02
2.630000000000000000e+02	6.496530474021157409e-02	4.640199955748965099e-02	8.352860992293349718e-02
2.640000000000000000e+02	6.404433125765748858e-02	4.666270058900012785e-02	8.142596192631484930e-02
2.650000000000000000e+02	6.278878765754458691e-02	4.506462800374137767e-02	8.051294731134779614e-02
2.660000000000000000e+02	6.008535823492636846e-02	4.381004712546973656e-02	7.636066934438300036e-02
2.670000000000000000e+02	6.387943747315839860e-02	4.546831968882653063e-02	8.229055525749026656e-02
2.680000000000000000e+02	6.079425652797312146e-02	4.432455786435418599e-02	7.726395519159205694e-02
2.690000000000000000e+02	6.000542203214392911e-02	4.270484850410799504e-02	7.730599556017986318e-02
2.700000000000000000e+02	5.928024900346180737e-02	4.254117344082758434e-02	7.601932456609603039e-02
2.710000000000000000e+02	5.737260716771398067e-02	4.038928996809844352e-02	7.435592436732951782e-02
2.720000000000000000e+02	5.919685745774099644e-02	4.200558923138050793e-02	7.638812568410148496e-02
2.730000000000000000e+02	5.532498593653492613e-02	3.905728554375193645e-02	7.159268632931792276e-02
2.740000000000000000e+02	5.698394243138531212e-02	4.003538149864201839e-02	7.393250336412859891e-02
2.750000000000000000e+02	5.516470435139628897e-02	3.883311122194599285e-02	7.149629748084658509e-02
2.760000000000000000e+02	5.363546227103422465e-02	3.786613829367997675e-02	6.940478624838847255e-02
2.770000000000000000e+02	5.506656942141515548e-02	3.908389038498265994e-02	7.104924845784765797e-02
2.780000000000000000e+02	5.169303216415186558e-02	3.664190902717058551e-02	6.674415530113314565e-02
2.790000000000000000e+02	5.167608614115851845e-02	3.695365387871547835e-02	6.639851840360155855e-02
2.800000000000000000e+02	5.233411215125344240e-02	3.713670396102951993e-02	6.753152034147735794e-02
2.810000000000000000e+02	4.988052772897275111e-02	3.597917284699905793e-02	6.378188261094644429e-02
2.820000000000000000e+02	5.037528061897016129e-02	3.543816395413407205e-02	6.531239728380625054e-02
2.830000000000000000e+02	4.736814030097388772e-02	3.331310700895018240e-02	6.142317359299759305e-02
2.840000000000000000e+02	4.947129066399962027e-02	3.546933579261278557e-02	6.347324553538645497e-02
2.850000000000000000e+02	4.677907074695122208e-02	3.326631468620806775e-02	6.029182680769437641e-02
2.860000000000000000e+02	4.601422388107938993e-02	3.301882606036512374e-02	5.900962170179365612e-02
2.870000000000000000e+02	4.622062532821196584e-02	3.261972437163902089e-02	5.982152628478491080e-02
2.880000000000000000e+02	4.574820545025230778e-02	3.246236645134686905e-02	5.903404444915774651e-02
2.890000000000000000e+02	4.579941525749776920e-02	3.276393080717901474e-02	5.883489970781652367e-02
2.900000000000000000e+02	4.337075908364847882e-02	3.068836659470199416e-02	5.605315157259496694e-02
2.910000000000000000e+02	4.386710307323369445e-02	3.146438054624210723e-02	5.626982560022528168e-02
2.920000000000000000e+02	4.319432414329089226e-02	3.043269063409532321e-02	5.595595765248646131e-02
2.930000000000000000e+02	4.316510196365944824e-02	2.993658189632513941e-02	5.639362203099375359e-02
2.940000000000000000e+02	4.172676611779348871e-02	2.961810738092768291e-02	5.383542485465929450e-02
2.950000000000000000e+02	4.060303451298494237e-02	2.865750073978381648e-02	5.254856828618606479e-02
2.960000000000000000e+02	4.013042007522591575e-02	2.830669523906073279e-02	5.195414491139109525e-02
2.970000000000000000e+02	4.024734364967290368e-02	2.784207993276088811e-02	5.265260736658491925e-02
2.980000000000000000e+02	4.004102790429868441e-02	2.836200776466634571e-02	5.172004804393102312e-02
2.990000000000000000e+02	3.826670746432374315e-02	2.719970170684053029e-02	4.933371322180695601e-02
3.000000000000000000e+02	3.769319040024594891e-02	2.630664277512086147e-02	4.907973802537103636e-02
3.010000000000000000e+02	3.921715191689009727e-02	2.751393061686183139e-02	5.092037321691836316e-02
3.020000000000000000e+02	3.674532927438416141e-02	2.608545665886824461e-02	4.740520188990007822e-02
3.030000000000000000e+02	3.727378772630596943e-02	2.649855614630494682e-02	4.804901930630699203e-02
3.040000000000000000e+02	3.441339762796680191e-02	2.476747686315594957e-02	4.405931839277765771e-02
3.050000000000000000e+02	3.714122242982381000e-02	2.647762144888959196e-02	4.780482341075802805e-02
3.060000000000000000e+02	3.535795109022841359e-02	2.522069596105076111e-02	4.549520621940606607e-02
3.070000000000000000e+02	3.314856077934152934e-02	2.358414882007524999e-02	4.271297273860780869e-02
3.080000000000000000e+02	3.469977296512189585e-02	2.461153921421098401e-02	4.478800671603280770e-02
3.090000000000000000e+02	3.356288628630459125e-02	2.371402524514971272e-02	4.341174732745946979e-02
3.100000000000000000e+02	3.349897771467389568e-02	2.346428436463654510e-02	4.353367106471124626e-02
3.110000000000000000e+02	3.217128385772791144e-02	2.271370087689213862e-02	4.162886683856368425e-02
3.120000000000000000e+02	3.085808894265129956e-02	2.175436770890356447e-02	3.996181017639903466e-02
3.130000000000000000e+02	3.251014834656652114e-02	2.238629451855267405e-02	4.263400217458036823e-02
3.140000000000000000e+02	3.037472275721129697e-02	2.091474099258386343e-02	3.983470452183873051e-02
3.150000000000000000e+02	3.096354876303898315e-02	2.173498009485537452e-02	4.019211743122259178e-02
3.160000000000000000e+02	2.955218248609383508e-02	2.059110621528723734e-02	3.851325875690043282e-02
3.170000000000000000e+02	2.874811077179173502e-02	1.996187430109185729e-02	3.753434724249161275e-02
3.180000000000000000e+02	3.078072508609857455e-02	2.138313087842386162e-02	4.017831929377328748e-02
3.190000000000000000e+02	2.749827031165401683e-02	1.920838281398641947e-02	3.578815780932161073e-02
3.200000000000000000e+02	2.889982910762266266e-02	2.008818920975634359e-02	3.771146900548898173e-02
3.210000000000000000e+02	2.738729946294318068e-02	1.915476126092421905e-02	3.561983766496214232e-02
3.220000000000000000e+02	2.761035786425735869e-02	1.920771053541685258e-02	3.601300519309786480e-02
3.230000000000000000e+02	2.691587493521205299e-02	1.864813487087053911e-02	3.518361499955356686e-02
3.240000000000000000e+02	2.607777206953641735e-02	1.798174672121358175e-02	3.417379741785925296e-02
3.250000000000000000e+02	2.618446557160972882e-02	1.815438956419611338e-02	3.421454157902334425e-02
3.260000000000000000e+02	2.589332259339437517e-02	1.777935951715125043e-02	3.400728566963749644e-02
3.270000000000000000e+02	2.532769704697318200e-02	1.765430824100095233e-02	3.300108585294540819e-02
3.280000000000000000e+02	2.501087280150703085e-02	1.718534072630497136e-02	3.283640487670909380e-02
3.290000000000000000e+02	2.354382370323030577e-02	1.615406359039239792e-02	3.093358381606821361e-02
3.300000000000000000e+02	2.515553665126112060e-02	1.742200281658125294e-02	3.288907048594098825e-02
3.310000000000000000e+02	2.379816933265299986e-02	1.618147683588864669e-02	3.141486182941735650e-02
3.320000000000000000e+02	2.346200117004325347e-02	1.607394870970570502e-02	3.085005363038080192e-02
3.330000000000000000e+02	2.309124554381923253e-02	1.557449803603565101e-02	3.060799305160281231e-02
3.340000000000000000e+02	2.243393599643992570e-02	1.531600333962838782e-02	2.955186865325146184e-02
3.350000000000000000e+02	2.339915555290910179e-02	1.567001269201925839e-02	3.112829841379894519e-02
3.360000000000000000e+02	2.161648832857014646e-02	1.486037574614110235e-02	2.837260091099919057e-02
3.370000000000000000e+02	2.191678996258337661e-02	1.516963294820240088e-02	2.866394697696435234e-02
3.380000000000000000e+02	2.154532525065997600e-02	1.461774520958023654e-02	2.847290529173971546e-02
3.390000000000000000e+02	2.160655893309625097e-02	1.477652372265219650e-02	2.843659414354030718e-02
3.400000000000000000e+02	2.105089382916818311e-02	1.438223190007213367e-02	2.771955575826423254e-02
3.410000000000000000e+02	2.023960469229738740e-02	1.385657589810112070e-02	2.662263348649365410e-02
3.420000000000000000e+02	2.112643270362760811e-02	1.416373042661594507e-02	2.808913498063927289e-02
3.430000000000000000e+02	1.994726461400462073e-02	1.338736079637841206e-02	2.650716843163082939e-02
3.440000000000000000e+02	2.015500420296897910e-02	1.374902186462901611e-02	2.656098654130894382e-02
3.450000000000000000e+02	1.947792877982471374e-02	1.306711600899951829e-02	2.588874155064990745e-02
3.460000000000000000e+02	1.865253516427962596e-02	1.275833274573623388e-02	2.454673758282301804e-02
3.470000000000000000e+02	1.884113494008732639e-02	1.263249893976728377e-02	2.504977094040736901e-02
3.480000000000000000e+02	1.845352965471444562e-02	1.235257395217236737e-02	2.455448535725652387e-02
3.490000000000000000e+02	1.866172045605996380e-02	1.252805602404824525e-02	2.479538488807168234e-02
3.500000000000000000e+02	1.787690410335711008e-02	1.204716199968196635e-02	2.370664620703225381e-02
3.510000000000000000e+02	1.729037684729822083e-02	1.156288656762014498e-02	2.301786712697629494e-02
3.520000000000000000e+02	1.772854330177273119e-02	1.168911689184269978e-02	2.376796971170276260e-02
3.530000000000000000e+02	1.701997904095800887e-02	1.124700155802156945e-02	2.279295652389444829e-02
3.540000000000000000e+02	1.722303364796849007e-02	1.143856720390274556e-02	2.300750009203423457e-02
3.550000000000000000e+02	1.654486050581367371e-02	1.093734877093519194e-02	2.215237224069215721e-02
3.560000000000000000e+02	1.648984056329363262e-02	1.087697313680386323e-02	2.210270798978340029e-02
3.570000000000000000e+02	1.629280691743468720e-02	1.066594737559655587e-02	2.191966645927281854e-02
3.580000000000000000e+02	1.559783284845850902e-02	1.007672104315720206e-02	2.111894465375981772e-02
3.590000000000000000e+02	1.622687670211579725e-02	1.046502395261396726e-02	2.198872945161762724e-02
3.600000000000000000e+02	1.556038533048138307e-02	1.007665192371452745e-02	2.104411873724823870e-02
3.610000000000000000e+02	1.565457090688708933e-02	1.017253696630484108e-02	2.113660484746933757e-02
3.620000000000000000e+02	1.512079296468803007e-02	9.763509855486733613e-03	2.047807607388932652e-02
3.630000000000000000e+02	1.487656402101442468e-02	9.753446521397044280e-03	1.999968152063180682e-02
3.640000000000000000e+02	1.473100703625871387e-02	9.407094850857033660e-03	2.005491922166039581e-02
3.650000000000000000e+02	1.443178754232085463e-02	9.307119073199594805e-03	1.955645601144211446e-02
3.660000000000000000e+02	1.444354911698585153e-02	9.349877874693823809e-03	1.953722035927787926e-02
3.670000000000000000e+02	1.402465532127013595e-02	9.090450190508404110e-03	1.895886045203186779e-02
3.680000000000000000e+02	1.383778247953366264e-02	8.918086831758910427e-03	1.875747812730841485e-02
3.690000000000000000e+02	1.388191263892891124e-02	8.900770400408531541e-03	1.886305487744929094e-02
3.700000000000000000e+02	1.314839475167340482e-02	8.593787556449964532e-03	1.770300194689684511e-02
3.710000000000000000e+02	1.339430634313229160e-02	8.766561478619053216e-03	1.802205120764552998e-02
3.720000000000000000e+02	1.263195585728236342e-02	8.269161216706174405e-03	1.699475049785855243e-02
3.730000000000000000e+02	1.330181691640265965e-02	8.625441093954123312e-03	1.797819273885119598e-02
3.740000000000000000e+02	1.254921014558431705e-02	8.149579969450017336e-03	1.694884032171861676e-02
3.750000000000000000e+02	1.240354661217890446e-02	7.997676398401081660e-03	1.680941682595672726e-02
3.760000000000000000e+02	1.224433909529468525e-02	7.857705218767791627e-03	1.663097297182157888e-02
3.770000000000000000e+02	1.202779798797305386e-02	7.795589314948187659e-03	1.626000666099792005e-02
3.780000000000000000e+02	1.203364822855262049e-02	7.710838627647292887e-03	1.635645782945794810e-02
3.790000000000000000e+02	1.149188254766089073e-02	7.509517391353267776e-03	1.547424770396851369e-02
3.800000000000000000e+02	1.150877698868506965e-02	7.502055987484395130e-03	1.551549798988574418e-02
3.810000000000000000e+02	1.152106939430133994e-02	7.276763299040904347e-03	1.576537548956177467e-02
3.820000000000000000e+02	1.112364417049669166e-02	7.167416343020944353e-03	1.507987199797243896e-02
3.830000000000000000e+02	1.109516042467082429e-02	7.032561963393502667e-03	1.515775888594814505e-02
3.840000000000000000e+02	1.058311251437363959e-02	6.783057531381560604e-03	1.438316749736571858e-02
3.850000000000000000e+02	1.079130843457092731e-02	6.831616950560293229e-03	1.475099991858156226e-02
3.860000000000000000e+02	1.083898896560090905e-02	6.825530609422256374e-03	1.485244732177956259e-02
3.870000000000000000e+02	1.051624342970015197e-02	6.561948483631626673e-03	1.447053837576867813e-02
3.880000000000000000e+02	1.031691459485377382e-02	6.539899898687388455e-03	1.409392929102015919e-02
3.890000000000000000e+02	9.862360604823421084e-03	6.333042263014464907e-03	1.339167894663237726e-02
3.900000000000000000e+02	1.014621508369101428e-02	6.424928900094321882e-03	1.386750126728770668e-02
3.910000000000000000e+02	9.875159778003472083e-03	6.325091556639364510e-03	1.342522799936757966e-02
3.920000000000000000e+02	9.705645396131201350e-03	6.080705276376996427e-03	1.333058551588540627e-02
3.930000000000000000e+02	9.364762012907810670e-03	5.875950576949119999e-03	1.285357344886650134e-02
3.940000000000000000e+02	9.375282742049363335e-03	5.818162826747068361e-03	1.293240265735165831e-02
3.950000000000000000e+02	9.339073728145437861e-03	5.855339899918311948e-03	1.282280755637256464e-02
3.960000000000000000e+02	8.875015099660450019e-03	5.475667791243336510e-03	1.227436240807756353e-02
3.970000000000000000e+02	9.000198302407589473e-03	5.690151440610340811e-03	1.231024516420483814e-02
3.980000000000000000e+02	8.843976363041234148e-03	5.510914713462199480e-03	1.217703801262026882e-02
3.990000000000000000e+02	8.546889585499142447e-03	5.392378880187220606e-03	1.170140029081106342e-02
4.000000000000000000e+02	8.817239228547940275e-03	5.545290804652176081e-03	1.208918765244370447e-02
4.010000000000000000e+02	8.130334121929488553e-03	5.193174061136994826e-03	1.106749418272198228e-02
4.020000000000000000e+02	8.437790441668271968e-03	5.362831758954691823e-03	1.151274912438185125e-02
4.030000000000000000e+02	8.110822972319105609e-03	5.099698624531914630e-03	1.112194732010629572e-02
4.040000000000000000e+02	8.073734519634665971e-03	5.164103736525909455e-03	1.098336530274342249e-02
4.050000000000000000e+02	7.960373658945066669e-03	5.089616115415794909e-03	1.083113120247433843e-02
4.060000000000000000e+02	7.598301477902386948e-03	4.883895029747035640e-03	1.031270792605773826e-02
4.070000000000000000e+02	8.070074429990975115e-03	5.137531272537795152e-03	1.100261758744415508e-02
4.080000000000000000e+02	7.384646886523823887e-03	4.725624536628348846e-03	1.004366923641929893e-02
4.090000000000000000e+02	7.666316442733898430e-03	4.902156122791431064e-03	1.043047676267636580e-02
4.100000000000000000e+02	7.386622853340687848e-03	4.666949984229987539e-03	1.010629572245138816e-02
4.110000000000000000e+02	7.203587685687720156e-03	4.583251182573230831e-03	9.823924188802209481e-03
4.120000000000000000e+02	7.425009017540873044e-03	4.650637229675852989e-03	1.019938080540589223e-02
4.130000000000000000e+02	6.880766289119747206e-03	4.427091490532327617e-03	9.334441087707166795e-03
4.140000000000000000e+02	6.986843136525838771e-03	4.437297561287963793e-03	9.536388711763713749e-03
4.150000000000000000e+02	6.900839417557111909e-03	4.319787454145275485e-03	9.481891380968948332e-03
4.160000000000000000e+02	6.672965741789689022e-03	4.280557430485887327e-03	9.065374053093490717e-03
4.170000000000000000e+02	6.910671691050130488e-03	4.336795200915286204e-03	9.484548181184975640e-03
4.180000000000000000e+02	6.372535489645076573e-03	4.082970028200084631e-03	8.662100951090068515e-03
4.190000000000000000e+02	6.527086109180861920e-03	4.224920500658687315e-03	8.829251717703035657e-03
4.200000000000000000e+02	6.430203453577885975e-03	4.062785745426417822e-03	8.797621161729354128e-03
4.210000000000000000e+02	6.153349038961628860e-03	3.921902828207360879e-03	8.384795249715897708e-03
4.220000000000000000e+02	6.280024710562540601e-03	3.931879819239826254e-03	8.628169601885254947e-03
4.230000000000000000e+02	5.967980339461568563e-03	3.767637721120066334e-03	8.168322957803071660e-03
4.240000000000000000e+02	6.232204979809100910e-03	3.935231308787074875e-03	8.529178650831126945e-03
4.250000000000000000e+02	5.792139762714239824e-03	3.654466495328174188e-03	7.929813030100305027e-03
4.260000000000000000e+02	5.758712325830311549e-03	3.602058865463890220e-03	7.915365786196733311e-03
4.270000000000000000e+02	5.725027224135592618e-03	3.563522409829659315e-03	7.886532038441525921e-03
4.280000000000000000e+02	5.562013923465491776e-03	3.451284462911328836e-03	7.672743384019654715e-03
4.290000000000000000e+02	5.650842969079404934e-03	3.572520603911132075e-03	7.729165334247677793e-03
4.300000000000000000e+02	5.410058210534894781e-03	3.420876031037506110e-03	7.399240390032283884e-03
4.310000000000000000e+02	5.355834912708758687e-03	3.308354042251514682e-03	7.403315783166003125e-03
4.320000000000000000e+02	5.332313116154371695e-03	3.325901772833593159e-03	7.338724459475150230e-03
4.330000000000000000e+02	5.179991035188940413e-03	3.240369171658007141e-03	7.119612898719873684e-03
4.340000000000000000e+02	5.258340085494231722e-03	3.237233500911948156e-03	7.279446670076515288e-03
4.350000000000000000e+02	5.029687487241513329e-03	3.146077302090074038e-03	6.913297672392952620e-03
4.360000000000000000e+02	5.090030474788499043e-03	3.132977085184267523e-03	7.047083864392730129e-03
4.370000000000000000e+02	4.917641983685993277e-03	3.018126384134341839e-03	6.817157583237644716e-03
4.380000000000000000e+02	4.877026868338665312e-03	3.001588340396902851e-03	6.752465396280427773e-03
4.390000000000000000e+02	4.783956139803129809e-03	2.943306045463540618e-03	6.624606234142719000e-03
4.400000000000000000e+02	4.640324652424179276e-03	2.806119034672402250e-03	6.474530270175956302e-03
4.410000000000000000e+02	4.851332462404561556e-03	2.999173917911039655e-03	6.703491006898083457e-03
4.420000000000000000e+02	4.569408120039506610e-03	2.769571390128748936e-03	6.369244849950264284e-03
4.430000000000000000e+02	4.582243601354155441e-03	2.778612501278540127e-03	6.385874701429770754e-03
4.440000000000000000e+02	4.379672444601659560e-03	2.650794428550617456e-03	6.108550460652701665e-03
4.450000000000000000e+02	4.511350091096754181e-03	2.725808121700351756e-03	6.296892060493156605e-03
4.460000000000000000e+02	4.320604236075618713e-03	2.644677843216115647e-03	5.996530628935121780e-03
4.470000000000000000e+02	4.335698129656367916e-03	2.609518623403034396e-03	6.061877635909701870e-03
4.480000000000000000e+02	4.269274515996466027e-03	2.586211750691074125e-03	5.952337281301857928e-03
4.490000000000000000e+02	4.216675866992531177e-03	2.513687781025806221e-03	5.919663952959256133e-03
4.500000000000000000e+02	4.170910551916507183e-03	2.496670630062353298e-03	5.845150473770661069e-03
4.510000000000000000e+02	4.000567301615146933e-03	2.391887165485255366e-03	5.609247437745038499e-03
4.520000000000000000e+02	3.975542963787799880e-03	2.357392918347109984e-03	5.593693009228489776e-03
4.530000000000000000e+02	4.028716455022609763e-03	2.431768645646866650e-03	5.625664264398352876e-03
4.540000000000000000e+02	3.885211140428351632e-03	2.308684419853008346e-03	5.461737861003694919e-03
4.550000000000000000e+02	3.859481151992192379e-03	2.318092313231842269e-03	5.400869990752542489e-03
4.560000000000000000e+02	3.735895308215337728e-03	2.207713496529752246e-03	5.264077119900923210e-03
4.570000000000000000e+02	3.743782548233706015e-03	2.243482967324937800e-03	5.244082129142474229e-03
4.580000000000000000e+02	3.781877057278525568e-03	2.238538743293211689e-03	5.325215371263839446e-03
4.590000000000000000e+02	3.613248565126898730e-03	2.095756898784455115e-03	5.130740231469341911e-03
4.600000000000000000e+02	3.683251651541080002e-03	2.159550527782974974e-03	5.206952775299185029e-03
4.610000000000000000e+02	3.454903432202139149e-03	2.025924829703258483e-03	4.883882034701019816e-03
4.620000000000000000e+02	3.623910321945921897e-03	2.149904521982506922e-03	5.097916121909336871e-03
4.630000000000000000e+02	3.485136581873906486e-03	2.056234116583957865e-03	4.914039047163854673e-03
4.640000000000000000e+02	3.319769722659213912e-03	1.965896091956594212e-03	4.673643353361833612e-03
4.650000000000000000e+02	3.401901185113407819e-03	2.024210118306417425e-03	4.779592251920398646e-03
4.660000000000000000e+02	3.283790814873501981e-03	1.917223817025940627e-03	4.650357812721063119e-03
4.670000000000000000e+02	3.354233397309635146e-03	1.964320309322916975e-03	4.744146485296352883e-03
4.680000000000000000e+02	3.193281572031777052e-03	1.849377308226509559e-03	4.537185835837044545e-03
4.690000000000000000e+02	3.105712023253820366e-03	1.808949387990692109e-03	4.402474658516948407e-03
4.700000000000000000e+02	3.226786641495916867e-03	1.864166132069909696e-03	4.589407150921924472e-03
4.710000000000000000e+02	3.090557344422534183e-03	1.760225888515236240e-03	4.420888800329832342e-03
4.720000000000000000e+02	3.169250485926549624e-03	1.841266249159964185e-03	4.497234722693135497e-03
4.730000000000000000e+02	2.967482181369783360e-03	1.704702784382321028e-03	4.230261578357245693e-03
4.740000000000000000e+02	2.938173706949293463e-03	1.697166447415068054e-03	4.179180966483519305e-03
4.750000000000000000e+02	2.979915797555118817e-03	1.709425666314819603e-03	4.250405928795417815e-03
4.760000000000000000e+02	2.853409532243176942e-03	1.639235665284460072e-03	4.067583399201893379e-03
4.770000000000000000e+02	2.904407785498722833e-03	1.651444623115874829e-03	4.157370947881570619e-03
4.780000000000000000e+02	2.788779522755246987e-03	1.572971882923086470e-03	4.004587162587407503e-03
4.790000000000000000e+02	2.811380492943308176e-03	1.601867088666298353e-03	4.020893897220318217e-03
4.800000000000000000e+02	2.787754659864985930e-03	1.588128525589047177e-03	3.987380794140924466e-03
4.810000000000000000e+02	2.661581570761565717e-03	1.512756497087103550e-03	3.810406644436027668e-03
4.820000000000000000e+02	2.755200746854259610e-03	1.585974284408394165e-03	3.924427209300125272e-03
4.830000000000000000e+02	2.627489272574981029e-03	1.479808904524227862e-03	3.775169640625733979e-03
4.840000000000000000e+02	2.656537350213224354e-03	1.520234455005351187e-03	3.792840245421097520e-03
4.850000000000000000e+02	2.578505110813725416e-03	1.477079444484757009e-03	3.679930777142693607e-03
4.860000000000000000e+02	2.539466322992921677e-03	1.437040360061742246e-03	3.641892285924101108e-03
4.870000000000000000e+02	2.583381965572591112e-03	1.466663691300954843e-03	3.700100239844227382e-03
4.880000000000000000e+02	2.469609901952015893e-03	1.376368058804901045e-03	3.562851745099130524e-03
4.890000000000000000e+02	2.475274257823770977e-03	1.408368083136773193e-03	3.542180432510768761e-03
4.900000000000000000e+02	2.464343970699705427e-03	1.385386072901137336e-03	3.543301868498273735e-03
4.910000000000000000e+02	2.436672462698908238e-03	1.379057014610264977e-03	3.494287910787551715e-03
4.920000000000000000e+02	2.422067279848066565e-03	1.371446177901645361e-03	3.472688381794487768e-03
4.930000000000000000e+02	2.355417064295864046e-03	1.316690523838573348e-03	3.394143604753154745e-03
4.940000000000000000e+02	2.357810562260986148e-03	1.306024975257492849e-03	3.409596149264479230e-03
4.950000000000000000e+02	2.319655630197088852e-03	1.281883423887924698e-03	3.357427836506252788e-03
4.960000000000000000e+02	2.361674213926806629e-03	1.314420164187426413e-03	3.408928263666186845e-03
4.970000000000000000e+02	2.285551156141877888e-03	1.265653868281800890e-03	3.305448444001954887e-03
4.980000000000000000e+02	2.232964829388663693e-03	1.251999549524947849e-03	3.213930109252379538e-03
4.990000000000000000e+02	2.260509035821325462e-03	1.266903844905925168e-03	3.254114226736725540e-03
5.000000000000000000e+02	2.253209207069291342e-03	1.239392653532074562e-03	3.267025760606508122e-03
5.010000000000000000e+02	2.236810871852151772e-03	1.255255975237661286e-03	3.218365768466642258e-03
5.020000000000000000e+02	2.180356339853323049e-03	1.174452542817974255e-03	3.186260136888672059e-03
5.030000000000000000e+02	2.177245210311672119e-03	1.177676516319136647e-03	3.176813904304207591e-03
5.040000000000000000e+02	2.188172167615460087e-03	1.173244037826133221e-03	3.203100297404786953e-03
5.050000000000000000e+02	2.174552030222580250e-03	1.155678667649033976e-03	3.193425392796126524e-03
5.060000000000000000e+02	2.160423048787715045e-03	1.181695606919709552e-03	3.139150490655720320e-03
5.070000000000000000e+02	2.096709758867018689e-03	1.131231373244850512e-03	3.062188144489186650e-03
5.080000000000000000e+02	2.162073831783385258e-03	1.170244920867109534e-03	3.153902742699660981e-03
5.090000000000000000e+02	2.130395031914303003e-03	1.120378907593232772e-03	3.140411156235373234e-03
5.100000000000000000e+02	2.107797803317449249e-03	1.118284241651105364e-03	3.097311364983793350e-03
