0.000000000000000000e+00	4.022537313072198602e-46	2.245377293023044510e-46	5.799697333121352306e-46
1.000000000000000000e+00	2.076237606331528263e-01	7.294604158797690641e-02	3.423014796783287461e-01
2.000000000000000000e+00	4.029343090235522951e+00	3.579521209325981168e+00	4.479164971145064733e+00
3.000000000000000000e+00	1.835678636450008172e+00	1.028479461087796754e+00	2.642877811812219591e+00
4.000000000000000000e+00	4.888223059684836613e+00	4.251717620256105334e+00	5.524728499113567892e+00
5.000000000000000000e+00	7.117308443648198146e-01	4.781003579639725998e-01	9.453613307656669740e-01
6.000000000000000000e+00	6.297785729052790549e-01	5.074382058750102065e-01	7.521189399355479033e-01
7.000000000000000000e+00	2.918058181171231946e-01	2.313677135601219237e-01	3.522439226741244656e-01
8.000000000000000000e+00	1.971656748289138117e-01	1.576521179085220437e-01	2.366792317493055797e-01
9.000000000000000000e+00	1.627867759910341661e-01	1.283278156510697932e-01	1.972457363309985390e-01
1.000000000000000000e+01	7.870747237407005326e-02	6.149043612053491786e-02	9.592450862760518171e-02
1.100000000000000000e+01	7.185184588743752376e-02	5.679847722120115461e-02	8.690521455367389292e-02
1.200000000000000000e+01	5.000310556306672427e-02	3.938223322636087015e-02	6.062397789977257839e-02
1.300000000000000000e+01	4.394346895036790185e-02	3.569618580986062828e-02	5.219075209087517542e-02
1.400000000000000000e+01	3.392545776864662466e-02	2.807547448639208243e-02	3.977544105090116688e-02
1.500000000000000000e+01	2.397952547298399031e-02	1.965430840828540082e-02	2.830474253768257981e-02
1.600000000000000000e+01	2.584188680738944491e-02	2.174995750253625945e-02	2.993381611224263036e-02
1.700000000000000000e+01	1.878304038009920643e-02	1.566694370683316406e-02	2.189913705336524880e-02
1.800000000000000000e+01	1.508103724822541965e-02	1.280120438504089506e-02	1.736087011140994424e-02
1.900000000000000000e+01	1.321734378085228159e-02	1.098995479884272430e-02	1.544473276286183888e-02
2.000000000000000000e+01	1.068978922461735412e-02	8.535721399647110130e-03	1.284385704958759811e-02
2.100000000000000000e+01	1.134184487880741075e-02	8.993138009722873027e-03	1.369055174789194848e-02
2.200000000000000000e+01	8.803653067708354374e-03	7.354310809089387689e-03	1.025299532632732019e-02
2.300000000000000000e+01	8.092170232225668475e-03	6.652081788049739840e-03	9.532258676401597977e-03
2.400000000000000000e+01	6.588372599689485028e-03	5.483367305141602366e-03	7.693377894237367690e-03
2.500000000000000000e+01	6.727023078785021419e-03	5.492688737660516782e-03	7.961357419909526056e-03
2.600000000000000000e+01	5.351748859347948625e-03	4.345422575738445460e-03	6.358075142957451791e-03
2.700000000000000000e+01	4.699309964272848673e-03	3.921741971817974473e-03	5.476877956727722874e-03
2.800000000000000000e+01	4.789235432476170520e-03	3.933632394818224395e-03	5.644838470134116645e-03
2.900000000000000000e+01	3.932314471731627840e-03	3.264079547933077408e-03	4.600549395530178706e-03
3.000000000000000000e+01	3.861299445672199994e-03	3.093521601322974605e-03	4.629077290021425817e-03
3.100000000000000000e+01	3.356654175513262926e-03	2.792125834151849492e-03	3.921182516874676359e-03
3.200000000000000000e+01	2.909309228911453708e-03	2.482493586205955852e-03	3.336124871616951565e-03
3.300000000000000000e+01	2.899724220475341334e-03	2.357842636137657058e-03	3.441605804813025610e-03
3.400000000000000000e+01	2.646462689685011391e-03	2.157683465715729953e-03	3.135241913654292830e-03
3.500000000000000000e+01	2.441858022410382887e-03	2.060954726636927536e-03	2.822761318183838238e-03
3.600000000000000000e+01	2.190034604192829439e-03	1.839555843327460045e-03	2.540513365058198834e-03
3.700000000000000000e+01	1.977034699755774068e-03	1.625189879733966638e-03	2.328879519777581498e-03
3.800000000000000000e+01	1.978740990325408150e-03	1.668472623231134072e-03	2.289009357419682228e-03
3.900000000000000000e+01	1.690966304308053059e-03	1.439431466447095055e-03	1.942501142169011062e-03
4.000000000000000000e+01	1.727131536807514261e-03	1.407591425283704657e-03	2.046671648331323864e-03
4.100000000000000000e+01	1.456581167633557187e-03	1.240601608506406318e-03	1.672560726760708057e-03
4.200000000000000000e+01	1.419603706684667349e-03	1.203782165133072176e-03	1.635425248236262522e-03
4.300000000000000000e+01	1.337927283391633117e-03	1.097888048946726435e-03	1.577966517836539798e-03
4.400000000000000000e+01	1.172419951352737756e-03	9.977843505946356120e-04	1.347055552110839900e-03
4.500000000000000000e+01	1.189199310282258379e-03	9.912142374895211317e-04	1.387184383074995626e-03
4.600000000000000000e+01	1.065634750734880927e-03	8.915756109661684189e-04	1.239693890503593436e-03
4.700000000000000000e+01	1.098323597912068605e-03	9.169997385372171067e-04	1.279647457286920212e-03
4.800000000000000000e+01	1.004228910748168092e-03	8.536379269879705144e-04	1.154819894508365670e-03
4.900000000000000000e+01	9.516806016780331298e-04	7.994699423782339592e-04	1.103891260977832300e-03
5.000000000000000000e+01	8.711146925976975992e-04	7.198801227657540503e-04	1.022349262429641257e-03
5.100000000000000000e+01	8.342749796275425803e-04	6.916766845554925963e-04	9.768732746995925642e-04
5.200000000000000000e+01	8.216482087941497396e-04	7.018535141519548475e-04	9.414429034363446316e-04
5.300000000000000000e+01	7.085060219618935897e-04	5.997586519909400100e-04	8.172533919328471693e-04
5.400000000000000000e+01	7.050723492777996636e-04	5.977296142219497462e-04	8.124150843336495811e-04
5.500000000000000000e+01	6.948085000814256977e-04	5.960070592620079133e-04	7.936099409008434821e-04
5.600000000000000000e+01	6.253942609740924165e-04	5.221102429324099743e-04	7.286782790157748588e-04
5.700000000000000000e+01	6.404699848659914504e-04	5.425964667085777160e-04	7.383435030234051849e-04
5.800000000000000000e+01	5.471148271944650723e-04	4.608370595472271948e-04	6.333925948417030039e-04
5.900000000000000000e+01	5.905630271609064487e-04	5.092715196752063472e-04	6.718545346466065502e-04
6.000000000000000000e+01	5.329182317973912408e-04	4.447907410363277614e-04	6.210457225584547743e-04
6.100000000000000000e+01	4.748716953107141436e-04	3.929732681501749364e-04	5.567701224712533507e-04
6.200000000000000000e+01	4.965735688860206925e-04	4.145295688712764349e-04	5.786175689007649501e-04
6.300000000000000000e+01	4.221156830986528175e-04	3.497712479563197248e-04	4.944601182409859644e-04
6.400000000000000000e+01	4.909350001687112514e-04	4.127746333006737591e-04	5.690953670367486896e-04
6.500000000000000000e+01	4.129144664422695313e-04	3.377582799682844099e-04	4.880706529162546527e-04
6.600000000000000000e+01	4.160723530109708477e-04	3.437897520588532874e-04	4.883549539630884081e-04
6.700000000000000000e+01	3.864857215414579266e-04	3.304306516124296423e-04	4.425407914704862109e-04
6.800000000000000000e+01	3.531261302905585003e-04	2.921188370653047769e-04	4.141334235158122237e-04
6.900000000000000000e+01	3.595746676207377019e-04	3.063983643203488892e-04	4.127509709211265145e-04
7.000000000000000000e+01	3.370060904159811175e-04	2.801293634333408230e-04	3.938828173986214120e-04
7.100000000000000000e+01	3.110340626150912436e-04	2.615557777723457808e-04	3.605123474578367064e-04
7.200000000000000000e+01	3.305544961419638775e-04	2.824553336546708733e-04	3.786536586292568816e-04
7.300000000000000000e+01	2.908068592133092865e-04	2.420503772944672632e-04	3.395633411321513097e-04
7.400000000000000000e+01	2.917844927003655970e-04	2.464048563890672804e-04	3.371641290116639137e-04
7.500000000000000000e+01	2.651337926626191606e-04	2.283087493126621402e-04	3.019588360125761810e-04
7.600000000000000000e+01	2.737434861977580095e-04	2.277005201883207548e-04	3.197864522071952641e-04
7.700000000000000000e+01	2.587475528530079833e-04	2.219478832632074280e-04	2.955472224428085386e-04
7.800000000000000000e+01	2.314359937084702686e-04	1.957110807152371711e-04	2.671609067017033661e-04
7.900000000000000000e+01	2.316036961042990789e-04	1.974696336004088228e-04	2.657377586081893350e-04
8.000000000000000000e+01	2.186009781106069408e-04	1.880615205233582493e-04	2.491404356978556322e-04
8.100000000000000000e+01	2.262708295509067405e-04	1.917777640405455837e-04	2.607638950612678973e-04
8.200000000000000000e+01	2.068343616311900867e-04	1.761356665308187990e-04	2.375330567315613744e-04
8.300000000000000000e+01	1.943549332462431048e-04	1.651325019211654548e-04	2.235773645713207548e-04
8.400000000000000000e+01	1.896964920084306277e-04	1.611497042655097049e-04	2.182432797513515505e-04
8.500000000000000000e+01	1.913660346516575983e-04	1.612863454447373366e-04	2.214457238585778600e-04
8.600000000000000000e+01	1.808863965970789920e-04	1.525298830888452569e-04	2.092429101053127271e-04
8.700000000000000000e+01	1.709023509016482174e-04	1.415843714498228503e-04	2.002203303534735846e-04
8.800000000000000000e+01	1.610524722138831919e-04	1.352253010889740319e-04	1.868796433387923518e-04
8.900000000000000000e+01	1.722587566061389093e-04	1.448466550668032799e-04	1.996708581454745388e-04
9.000000000000000000e+01	1.564988257938044634e-04	1.299105152262048344e-04	1.830871363614040924e-04
9.100000000000000000e+01	1.529586342524993925e-04	1.271777234735218870e-04	1.787395450314768980e-04
9.200000000000000000e+01	1.455105543395900265e-04	1.200119467962248223e-04	1.710091618829552443e-04
9.300000000000000000e+01	1.456951975031698450e-04	1.208100645332708749e-04	1.705803304730688151e-04
9.400000000000000000e+01	1.364691348960539192e-04	1.139970566844954761e-04	1.589412131076123487e-04
9.500000000000000000e+01	1.336559639200089094e-04	1.135195683614142022e-04	1.537923594786036029e-04
9.600000000000000000e+01	1.299682976172896452e-04	1.100166135450280546e-04	1.499199816895512493e-04
9.700000000000000000e+01	1.268118198690242635e-04	1.066810235188505674e-04	1.469426162191979596e-04
9.800000000000000000e+01	1.309533821899390438e-04	1.098247930039881429e-04	1.520819713758899446e-04
9.900000000000000000e+01	1.121344435575063651e-04	9.425233827687609298e-05	1.300165488381366371e-04
1.000000000000000000e+02	1.172092490181768425e-04	9.855579519074176599e-05	1.358627028456119189e-04
1.010000000000000000e+02	1.049294026928284485e-04	8.909526644064198319e-05	1.207635389450149139e-04
1.020000000000000000e+02	1.122782351214642884e-04	9.582029865319642591e-05	1.287361715897321509e-04
1.030000000000000000e+02	1.098296650010076108e-04	9.411170684639663436e-05	1.255476231556185737e-04
1.040000000000000000e+02	9.714217833122217082e-05	8.070896746047376692e-05	1.135753892019705747e-04
1.050000000000000000e+02	9.971413687112856781e-05	8.472626428657328628e-05	1.147020094556838493e-04
1.060000000000000000e+02	9.445549949271619342e-05	7.985971881087935813e-05	1.090512801745530287e-04
1.070000000000000000e+02	9.413823169114658674e-05	8.020633106623049847e-05	1.080701323160626750e-04
1.080000000000000000e+02	9.185148532433200415e-05	7.753377320643573152e-05	1.061691974422282768e-04
1.090000000000000000e+02	8.731008970237259413e-05	7.218006003964834601e-05	1.024401193650968422e-04
1.100000000000000000e+02	9.017992928393938235e-05	7.514080905163711584e-05	1.052190495162416489e-04
1.110000000000000000e+02	7.889549178182283422e-05	6.568139709854588270e-05	9.210958646509978575e-05
1.120000000000000000e+02	7.938017505203335015e-05	6.642163244070036182e-05	9.233871766336633848e-05
1.130000000000000000e+02	7.678623400513736306e-05	6.453877539633409309e-05	8.903369261394063303e-05
1.140000000000000000e+02	7.499650219687513419e-05	6.322102475299603620e-05	8.677197964075423217e-05
1.150000000000000000e+02	7.381189415552581409e-05	6.231141409373971941e-05	8.531237421731190877e-05
1.160000000000000000e+02	6.984853563957610931e-05	5.762313797075896361e-05	8.207393330839325501e-05
1.170000000000000000e+02	6.798767587403184247e-05	5.692267613766639197e-05	7.905267561039729975e-05
1.180000000000000000e+02	6.461265547692233036e-05	5.452443819349270303e-05	7.470087276035195770e-05
1.190000000000000000e+02	6.313894434859772394e-05	5.354680895549551842e-05	7.273107974169992947e-05
1.200000000000000000e+02	6.497565008351416740e-05	5.528236606399953754e-05	7.466893410302879726e-05
1.210000000000000000e+02	6.243995182101531839e-05	5.279371214824676644e-05	7.208619149378387033e-05
1.220000000000000000e+02	5.985192432790273825e-05	5.172752471546098986e-05	6.797632394034449342e-05
1.230000000000000000e+02	5.912876124670208850e-05	5.038034777340742520e-05	6.787717471999675858e-05
1.240000000000000000e+02	5.516143966885313964e-05	4.627886366704100788e-05	6.404401567066527140e-05
1.250000000000000000e+02	5.468480249388096501e-05	4.562182886988301703e-05	6.374777611787890621e-05
1.260000000000000000e+02	5.258243473092528216e-05	4.380211580631746904e-05	6.136275365553309528e-05
1.270000000000000000e+02	5.431695487933442946e-05	4.521426798015266708e-05	6.341964177851619185e-05
1.280000000000000000e+02	4.938665025206120544e-05	4.114788191162293732e-05	5.762541859249947356e-05
1.290000000000000000e+02	4.892152604405419059e-05	4.058664641574437153e-05	5.725640567236400965e-05
1.300000000000000000e+02	4.702077432144411546e-05	3.972492264573620086e-05	5.431662599715203005e-05
1.310000000000000000e+02	4.596466252411226123e-05	3.860348478987913506e-05	5.332584025834538740e-05
1.320000000000000000e+02	4.675088249014361499e-05	3.884344431327193902e-05	5.465832066701529097e-05
1.330000000000000000e+02	4.341800151129402303e-05	3.670674148808449847e-05	5.012926153450354759e-05
1.340000000000000000e+02	4.448097002400451506e-05	3.739241403034601543e-05	5.156952601766301469e-05
1.350000000000000000e+02	4.097850717798584726e-05	3.422653076205699305e-05	4.773048359391470147e-05
1.360000000000000000e+02	4.203092723103653549e-05	3.581332126648913069e-05	4.824853319558394029e-05
1.370000000000000000e+02	3.951021734718239951e-05	3.270444844634303860e-05	4.631598624802176043e-05
1.380000000000000000e+02	3.790913198378141310e-05	3.150847343918135638e-05	4.430979052838146981e-05
1.390000000000000000e+02	3.887038900127984270e-05	3.280419472505792977e-05	4.493658327750175562e-05
1.400000000000000000e+02	3.769220873996008831e-05	3.146071203970539582e-05	4.392370544021478081e-05
1.410000000000000000e+02	3.607324144130108669e-05	3.051134153931001704e-05	4.163514134329215633e-05
1.420000000000000000e+02	3.480932600356910890e-05	2.897765838951139118e-05	4.064099361762682662e-05
1.430000000000000000e+02	3.362462370978045980e-05	2.821461363086327621e-05	3.903463378869764339e-05
1.440000000000000000e+02	3.463317538995685612e-05	2.905166185465794633e-05	4.021468892525576253e-05
1.450000000000000000e+02	3.356035838853092617e-05	2.803294877260481459e-05	3.908776800445703435e-05
1.460000000000000000e+02	3.172182396994620453e-05	2.663408469246898312e-05	3.680956324742342594e-05
1.470000000000000000e+02	3.027229390310159424e-05	2.496078724549344937e-05	3.558380056070973912e-05
1.480000000000000000e+02	3.105557003315837107e-05	2.622635568591887513e-05	3.588478438039786363e-05
1.490000000000000000e+02	3.048526839847145439e-05	2.583442390276915253e-05	3.513611289417375625e-05
1.500000000000000000e+02	2.808847852101955121e-05	2.365813523066804283e-05	3.251882181137105959e-05
1.510000000000000000e+02	2.866369602089901373e-05	2.436892101053946208e-05	3.295847103125856538e-05
1.520000000000000000e+02	2.661304288730323718e-05	2.223210905264591465e-05	3.099397672196055971e-05
1.530000000000000000e+02	2.749476105812587729e-05	2.272932800561595988e-05	3.226019411063579470e-05
1.540000000000000000e+02	2.581917558992275041e-05	2.186673579595607207e-05	2.977161538388942876e-05
1.550000000000000000e+02	2.499837174390310643e-05	2.114669422345724132e-05	2.885004926434897154e-05
1.560000000000000000e+02	2.539492573111699474e-05	2.118427737852730138e-05	2.960557408370668810e-05
1.570000000000000000e+02	2.466693456807942980e-05	2.038815787249175044e-05	2.894571126366710917e-05
1.580000000000000000e+02	2.389472971535842920e-05	1.992639353297686464e-05	2.786306589773999376e-05
1.590000000000000000e+02	2.231486356945728671e-05	1.881420232453803677e-05	2.581552481437653665e-05
1.600000000000000000e+02	2.187434294946801597e-05	1.860226089695501630e-05	2.514642500198101564e-05
1.610000000000000000e+02	2.263269443245518987e-05	1.877709805677817162e-05	2.648829080813220813e-05
1.620000000000000000e+02	2.110954336624237514e-05	1.767228541446151777e-05	2.454680131802323251e-05
1.630000000000000000e+02	2.163356331574024314e-05	1.830395118209563314e-05	2.496317544938485313e-05
1.640000000000000000e+02	1.986786152416532956e-05	1.659407110455100962e-05	2.314165194377964949e-05
1.650000000000000000e+02	2.021695271840293225e-05	1.675708328324608220e-05	2.367682215355978230e-05
1.660000000000000000e+02	1.947312340535124005e-05	1.604659690141602225e-05	2.289964990928645784e-05
1.670000000000000000e+02	1.831139908119191573e-05	1.513655443783709455e-05	2.148624372454673690e-05
1.680000000000000000e+02	1.884280680175937333e-05	1.557478523945135662e-05	2.211082836406739005e-05
1.690000000000000000e+02	1.819421426961719839e-05	1.539092842347246373e-05	2.099750011576193305e-05
1.700000000000000000e+02	1.779570829169521440e-05	1.493202379389133674e-05	2.065939278949909037e-05
1.710000000000000000e+02	1.754008406306408767e-05	1.475808167337267004e-05	2.032208645275550700e-05
1.720000000000000000e+02	1.587286495546610712e-05	1.348840987973244998e-05	1.825732003119976427e-05
1.730000000000000000e+02	1.677419401319780638e-05	1.426707569942258833e-05	1.928131232697302442e-05
1.740000000000000000e+02	1.629187713837730882e-05	1.376379387683514194e-05	1.881996039991947400e-05
1.750000000000000000e+02	1.555015547551796674e-05	1.320113077279652516e-05	1.789918017823941002e-05
1.760000000000000000e+02	1.552651108184470549e-05	1.304904757682851736e-05	1.800397458686089363e-05
1.770000000000000000e+02	1.455536246514861290e-05	1.231487421747533329e-05	1.679585071282189420e-05
1.780000000000000000e+02	1.519045739847295050e-05	1.291369845727766792e-05	1.746721633966823308e-05
1.790000000000000000e+02	1.431659214640142115e-05	1.194821831527646548e-05	1.668496597752637683e-05
1.800000000000000000e+02	1.408620192393522962e-05	1.181867149122515157e-05	1.635373235664530937e-05
1.810000000000000000e+02	1.355119377258757132e-05	1.139414122802204228e-05	1.570824631715310205e-05
1.820000000000000000e+02	1.334911139395935624e-05	1.110258211622881254e-05	1.559564067168989993e-05
1.830000000000000000e+02	1.317573699799134213e-05	1.104102682369214052e-05	1.531044717229054373e-05
1.840000000000000000e+02	1.252481883509472089e-05	1.049530695673927124e-05	1.455433071345017054e-05
1.850000000000000000e+02	1.245433270621944694e-05	1.050720758643179808e-05	1.440145782600709581e-05
1.860000000000000000e+02	1.227667654372191925e-05	1.026900757069371363e-05	1.428434551675012488e-05
1.870000000000000000e+02	1.225530395637675322e-05	1.029587368354633403e-05	1.421473422920717241e-05
1.880000000000000000e+02	1.178899655784956073e-05	1.000431844855419257e-05	1.357367466714492888e-05
1.890000000000000000e+02	1.141882004618069661e-05	9.750308381724888539e-06	1.308733171063650469e-05
1.900000000000000000e+02	1.107529899900690749e-05	9.264945146641819824e-06	1.288565285137199516e-05
1.910000000000000000e+02	1.145989798442776144e-05	9.644591669204108801e-06	1.327520429965141408e-05
1.920000000000000000e+02	1.067935453494956058e-05	8.906052054375157760e-06	1.245265701552396340e-05
1.930000000000000000e+02	1.070015519189984570e-05	8.930460280554312972e-06	1.246985010324537843e-05
1.940000000000000000e+02	1.034223793865998100e-05	8.707469666543027670e-06	1.197700621077693433e-05
1.950000000000000000e+02	1.028246307231204874e-05	8.573764355363156430e-06	1.199116178926094105e-05
1.960000000000000000e+02	9.901381402383263624e-06	8.351750708836574359e-06	1.145101209592995289e-05
1.970000000000000000e+02	9.823164571765432911e-06	8.294789968009232454e-06	1.135153917552163337e-05
1.980000000000000000e+02	9.324925527025588258e-06	7.857971233959169230e-06	1.079187982009200729e-05
1.990000000000000000e+02	9.444151731576995944e-06	7.899741156565368811e-06	1.098856230658862308e-05
2.000000000000000000e+02	8.888131799654810171e-06	7.451287364749985452e-06	1.032497623455963489e-05
2.010000000000000000e+02	8.774365201417969767e-06	7.309114719209532829e-06	1.023961568362640755e-05
2.020000000000000000e+02	8.894160238722503308e-06	7.470740795976007443e-06	1.031757968146899917e-05
2.030000000000000000e+02	8.534174105186156608e-06	7.153217312794158275e-06	9.915130897578155789e-06
2.040000000000000000e+02	8.580003517965284637e-06	7.138994028846174589e-06	1.002101300708439384e-05
2.050000000000000000e+02	8.024230054662340105e-06	6.695821681525384569e-06	9.352638427799295640e-06
2.060000000000000000e+02	8.184892721037128355e-06	6.909220058783975133e-06	9.460565383290282424e-06
2.070000000000000000e+02	7.806755205662238711e-06	6.539755574486050841e-06	9.073754836838426581e-06
2.080000000000000000e+02	7.861802195607251760e-06	6.550659795533960014e-06	9.172944595680543507e-06
2.090000000000000000e+02	7.688955387348663794e-06	6.435579121047248154e-06	8.942331653650079435e-06
2.100000000000000000e+02	7.064559877989483688e-06	5.899547388684790951e-06	8.229572367294177271e-06
2.110000000000000000e+02	7.225817457639927073e-06	6.065566978001949301e-06	8.386067937277904844e-06
2.120000000000000000e+02	7.250200255743801048e-06	6.102897875949393983e-06	8.397502635538208114e-06
2.130000000000000000e+02	6.870816461778243527e-06	5.712471582974505880e-06	8.029161340581981174e-06
2.140000000000000000e+02	7.049847821281430479e-06	5.831128254714798567e-06	8.268567387848062392e-06
2.150000000000000000e+02	6.369032405780940712e-06	5.291367047682445408e-06	7.446697763879436016e-06
2.160000000000000000e+02	6.749814872045715956e-06	5.580693109966869562e-06	7.918936634124561504e-06
2.170000000000000000e+02	6.459213725449092263e-06	5.381905094856179354e-06	7.536522356042005171e-06
2.180000000000000000e+02	5.996051020937971948e-06	4.955972468852889479e-06	7.036129573023054417e-06
2.190000000000000000e+02	6.344645773158015814e-06	5.288122423105735919e-06	7.401169123210295710e-06
2.200000000000000000e+02	5.908013595134104260e-06	4.915263314328455541e-06	6.900763875939752980e-06
2.210000000000000000e+02	6.033902343952633049e-06	4.986535414901167203e-06	7.081269273004098895e-06
2.220000000000000000e+02	5.732786886924295539e-06	4.769139081465583938e-06	6.696434692383007139e-06
2.230000000000000000e+02	5.487113292335042071e-06	4.543131501306702573e-06	6.431095083363381568e-06
2.240000000000000000e+02	5.396273075939641770e-06	4.452049629530418209e-06	6.340496522348865330e-06
2.250000000000000000e+02	5.473771483993549323e-06	4.516164358531452765e-06	6.431378609455645881e-06
2.260000000000000000e+02	5.359229144115532037e-06	4.473375082432961155e-06	6.245083205798102918e-06
2.270000000000000000e+02	5.050787319088292433e-06	4.261094834181458446e-06	5.840479803995126419e-06
2.280000000000000000e+02	5.082760391198953490e-06	4.232177664364708861e-06	5.933343118033198118e-06
2.290000000000000000e+02	5.008673546072531823e-06	4.172590195711503211e-06	5.844756896433560435e-06
2.300000000000000000e+02	4.890960759304717466e-06	4.061345487101680292e-06	5.720576031507754640e-06
2.310000000000000000e+02	4.813121074064961207e-06	3.993735673075266183e-06	5.632506475054656231e-06
2.320000000000000000e+02	4.642586894314690024e-06	3.810406609145125668e-06	5.474767179484253956e-06
2.330000000000000000e+02	4.675678377726728639e-06	3.833959900884671560e-06	5.517396854568785717e-06
2.340000000000000000e+02	4.425415099457650890e-06	3.650358462506200135e-06	5.200471736409102068e-06
2.350000000000000000e+02	4.367968228258316978e-06	3.614157109132539699e-06	5.121779347384094258e-06
2.360000000000000000e+02	4.301387294093867221e-06	3.499742799759490463e-06	5.103031788428244403e-06
2.370000000000000000e+02	4.214267243148912953e-06	3.481883299256200094e-06	4.946651187041626235e-06
2.380000000000000000e+02	4.221724566624848714e-06	3.476737568346997643e-06	4.966711564902699362e-06
2.390000000000000000e+02	4.075204345909931445e-06	3.355918103418805327e-06	4.794490588401057986e-06
2.400000000000000000e+02	3.920765977748699563e-06	3.255688383961005799e-06	4.585843571536393750e-06
2.410000000000000000e+02	3.941851555200122577e-06	3.271200729456886303e-06	4.612502380943359275e-06
2.420000000000000000e+02	3.794735692860523371e-06	3.123017745327489084e-06	4.466453640393557657e-06
2.430000000000000000e+02	3.772788320715609529e-06	3.101862069739091143e-06	4.443714571692127492e-06
2.440000000000000000e+02	3.702153182983905527e-06	3.076068665652573046e-06	4.328237700315238007e-06
2.450000000000000000e+02	3.591632628756601842e-06	2.981152865056630876e-06	4.202112392456572808e-06
2.460000000000000000e+02	3.577389407226976084e-06	2.971230385916108515e-06	4.183548428537843652e-06
2.470000000000000000e+02	3.374272454146489961e-06	2.829206237382189758e-06	3.919338670910790588e-06
2.480000000000000000e+02	3.409403367301372160e-06	2.838292720078666762e-06	3.980514014524077557e-06
2.490000000000000000e+02	3.271723963499285847e-06	2.707651432226083188e-06	3.835796494772488930e-06
2.500000000000000000e+02	3.300855243797601780e-06	2.722251236334010394e-06	3.879459251261193165e-06
2.510000000000000000e+02	3.162125210953253785e-06	2.638524324641345349e-06	3.685726097265162221e-06
2.520000000000000000e+02	3.091912779980482855e-06	2.574842759811342892e-06	3.608982800149622818e-06
2.530000000000000000e+02	3.009054274294856888e-06	2.489144756258826330e-06	3.528963792330887446e-06
2.540000000000000000e+02	2.961476063861385952e-06	2.479152120308623100e-06	3.443800007414148804e-06
2.550000000000000000e+02	2.932302585998243389e-06	2.451328639877764951e-06	3.413276532118721827e-06
2.560000000000000000e+02	2.842756070862178966e-06	2.367359114984874966e-06	3.318153026739482965e-06
2.570000000000000000e+02	2.825292168016339946e-06	2.337689226723273561e-06	3.312895109309406331e-06
2.580000000000000000e+02	2.703896979014177014e-06	2.262224283127378313e-06	3.145569674900975715e-06
2.590000000000000000e+02	2.698078146442137409e-06	2.263804904575411752e-06	3.132351388308863066e-06
2.600000000000000000e+02	2.692246969585234810e-06	2.257875428288974003e-06	3.126618510881495617e-06
2.610000000000000000e+02	2.512584974568043384e-06	2.095527271887555028e-06	2.929642677248531739e-06
2.620000000000000000e+02	2.594272799915606608e-06	2.169000712167256762e-06	3.019544887663956455e-06
2.630000000000000000e+02	2.503408156790461710e-06	2.068987133732017549e-06	2.937829179848905872e-06
2.640000000000000000e+02	2.464666754526066949e-06	2.073570441934298269e-06	2.855763067117835629e-06
2.650000000000000000e+02	2.369015499523777327e-06	1.967436325871167831e-06	2.770594673176386822e-06
2.660000000000000000e+02	2.309748694689551225e-06	1.924800082175679567e-06	2.694697307203422884e-06
2.670000000000000000e+02	2.404662368167307537e-06	2.004419704616972164e-06	2.804905031717642910e-06
2.680000000000000000e+02	2.296391152985629383e-06	1.920910517057191700e-06	2.671871788914067065e-06
2.690000000000000000e+02	2.256928727690485233e-06	1.864739946243293667e-06	2.649117509137676799e-06
2.700000000000000000e+02	2.179959018128669895e-06	1.833690212227813302e-06	2.526227824029526488e-06
2.710000000000000000e+02	2.126584344762297104e-06	1.766649762802428659e-06	2.486518926722165549e-06
2.720000000000000000e+02	2.165664904552857590e-06	1.796926252934052712e-06	2.534403556171662680e-06
2.730000000000000000e+02	2.043105734477045375e-06	1.684189111181716413e-06	2.402022357772374337e-06
2.740000000000000000e+02	2.076609717453207245e-06	1.711931937227488899e-06	2.441287497678925380e-06
2.750000000000000000e+02	2.034733438664813013e-06	1.697465656056679617e-06	2.372001221272946620e-06
2.760000000000000000e+02	1.960282553664342576e-06	1.622064685568394480e-06	2.298500421760290672e-06
2.770000000000000000e+02	1.988371377127987236e-06	1.644984886347428291e-06	2.331757867908546182e-06
2.780000000000000000e+02	1.861128775222503002e-06	1.541078840808931771e-06	2.181178709636074445e-06
2.790000000000000000e+02	1.839312037315244330e-06	1.524635462375952479e-06	2.153988612254536181e-06
2.800000000000000000e+02	1.886120396876035473e-06	1.546544938217572585e-06	2.225695855534498572e-06
2.810000000000000000e+02	1.807745241008222115e-06	1.497725288864400629e-06	2.117765193152043814e-06
2.820000000000000000e+02	1.780188138393607399e-06	1.463452638204032429e-06	2.096923638583182370e-06
2.830000000000000000e+02	1.681433117743475195e-06	1.390198608178906568e-06	1.972667627308044035e-06
2.840000000000000000e+02	1.722957932672330000e-06	1.405041482591597896e-06	2.040874382753062104e-06
2.850000000000000000e+02	1.663107087528526525e-06	1.376105607821383047e-06	1.950108567235670003e-06
2.860000000000000000e+02	1.621458206884832500e-06	1.336186533502159432e-06	1.906729880267505568e-06
2.870000000000000000e+02	1.608573808776029782e-06	1.318657303262444253e-06	1.898490314289615311e-06
2.880000000000000000e+02	1.607880027892528742e-06	1.323372622134269657e-06	1.892387433650787827e-06
2.890000000000000000e+02	1.580409454922831311e-06	1.279050244983895360e-06	1.881768664861767263e-06
2.900000000000000000e+02	1.503233627909545431e-06	1.224042504532855799e-06	1.782424751286235062e-06
2.910000000000000000e+02	1.506341416797191175e-06	1.221859380101545630e-06	1.790823453492836720e-06
2.920000000000000000e+02	1.487819829576253249e-06	1.216880806162192185e-06	1.758758852990314313e-06
2.930000000000000000e+02	1.465222719970152472e-06	1.189909470097060528e-06	1.740535969843244416e-06
2.940000000000000000e+02	1.417535204595753840e-06	1.147780728611632345e-06	1.687289680579875335e-06
2.950000000000000000e+02	1.369475229984063406e-06	1.109544551670406315e-06	1.629405908297720497e-06
2.960000000000000000e+02	1.361115883069413393e-06	1.117490275405060130e-06	1.604741490733766656e-06
2.970000000000000000e+02	1.357533733524123231e-06	1.110913391641944041e-06	1.604154075406302421e-06
2.980000000000000000e+02	1.341420393869889655e-06	1.088641676813896202e-06	1.594199110925883108e-06
2.990000000000000000e+02	1.286654846131022021e-06	1.047862146155429980e-06	1.525447546106614062e-06
3.000000000000000000e+02	1.243150216848338914e-06	1.004903631478655190e-06	1.481396802218022638e-06
3.010000000000000000e+02	1.299304695542481383e-06	1.052464543170996369e-06	1.546144847913966397e-06
3.020000000000000000e+02	1.205505286823435297e-06	9.782772348774185809e-07	1.432733338769452013e-06
3.030000000000000000e+02	1.214185357861764638e-06	9.856634584655097700e-07	1.442707257258019506e-06
3.040000000000000000e+02	1.132551265905441477e-06	9.183145254122526546e-07	1.346788006398630299e-06
3.050000000000000000e+02	1.197104913958602089e-06	9.758018730914884068e-07	1.418407954825715772e-06
3.060000000000000000e+02	1.130938351039601055e-06	9.139008987556608821e-07	1.347975803323541228e-06
3.070000000000000000e+02	1.080206837620095850e-06	8.761677958010297791e-07	1.284245879439162028e-06
3.080000000000000000e+02	1.115028203109830361e-06	8.995954202595437506e-07	1.330460985960116971e-06
3.090000000000000000e+02	1.076760989880689222e-06	8.791685016150624585e-07	1.274353478146315879e-06
3.100000000000000000e+02	1.085410236780384251e-06	8.730425631016349217e-07	1.297777910459133581e-06
3.110000000000000000e+02	1.036423105031275844e-06	8.334485084432877342e-07	1.239397701619263848e-06
3.120000000000000000e+02	9.887230126090232495e-07	7.986619782770618380e-07	1.178784046940984767e-06
3.130000000000000000e+02	1.037465991478300660e-06	8.314134580777692733e-07	1.243518524878832152e-06
3.140000000000000000e+02	9.737179936534707107e-07	7.800427189557209344e-07	1.167393268351220487e-06
3.150000000000000000e+02	9.879874654572913406e-07	7.960884499468831123e-07	1.179886480967699569e-06
3.160000000000000000e+02	9.413712974987974381e-07	7.494744802555987025e-07	1.133268114741996174e-06
3.170000000000000000e+02	9.207249241220836229e-07	7.333300669843573604e-07	1.108119781259809885e-06
3.180000000000000000e+02	9.695947891442010562e-07	7.724506607485310328e-07	1.166738917539871080e-06
3.190000000000000000e+02	8.812435108925731399e-07	7.012762813205111256e-07	1.061210740464635154e-06
3.200000000000000000e+02	9.119372009352619698e-07	7.318045296231521265e-07	1.092069872247371813e-06
3.210000000000000000e+02	8.615470290182204774e-07	6.872837606209458030e-07	1.035810297415495152e-06
3.220000000000000000e+02	8.650456542597203042e-07	6.885658588800626670e-07	1.041525449639377941e-06
3.230000000000000000e+02	8.460558132624544813e-07	6.749944265594400616e-07	1.017117199965468901e-06
3.240000000000000000e+02	8.270832718156921713e-07	6.560676924642852976e-07	9.980988511670990450e-07
3.250000000000000000e+02	8.198186619353513835e-07	6.540610710469727834e-07	9.855762528237299836e-07
3.260000000000000000e+02	8.191750984887025539e-07	6.550735962407731621e-07	9.832766007366319458e-07
3.270000000000000000e+02	7.960429021630611134e-07	6.334820137026134345e-07	9.586037906235087922e-07
3.280000000000000000e+02	7.766316945011196113e-07	6.181336734051216971e-07	9.351297155971175256e-07
3.290000000000000000e+02	7.417819919635020273e-07	5.820426245265548870e-07	9.015213594004491676e-07
3.300000000000000000e+02	7.742981677474461849e-07	6.144007982217251995e-07	9.341955372731671702e-07
3.310000000000000000e+02	7.387728897555833940e-07	5.856965949030956127e-07	8.918491846080711754e-07
3.320000000000000000e+02	7.196794438490169506e-07	5.716345752806856653e-07	8.677243124173482360e-07
3.330000000000000000e+02	7.018085248742642112e-07	5.543735803428142681e-07	8.492434694057141543e-07
3.340000000000000000e+02	6.856222897648509647e-07	5.482228048818549237e-07	8.230217746478470056e-07
3.350000000000000000e+02	7.039824593377511660e-07	5.590394488383685591e-07	8.489254698371337730e-07
3.360000000000000000e+02	6.603270263978462360e-07	5.224047823038506780e-07	7.982492704918417940e-07
3.370000000000000000e+02	6.560240658501988349e-07	5.217455065452635104e-07	7.903026251551341594e-07
3.380000000000000000e+02	6.418774284443974390e-07	5.122135701006246936e-07	7.715412867881701844e-07
3.390000000000000000e+02	6.392365667479330926e-07	5.015049714269985372e-07	7.769681620688676480e-07
3.400000000000000000e+02	6.201655504208625919e-07	4.882984556257282840e-07	7.520326452159968997e-07
3.410000000000000000e+02	6.017704460072933221e-07	4.756845025161534041e-07	7.278563894984332931e-07
3.420000000000000000e+02	6.151244263715159892e-07	4.847752488923845714e-07	7.454736038506474069e-07
3.430000000000000000e+02	5.852543208517958435e-07	4.630227026534289896e-07	7.074859390501626975e-07
3.440000000000000000e+02	5.884039336344588335e-07	4.642034698867629465e-07	7.126043973821547204e-07
3.450000000000000000e+02	5.681255999927307826e-07	4.471028495266787189e-07	6.891483504587828462e-07
3.460000000000000000e+02	5.410377653224296278e-07	4.238892846318214259e-07	6.581862460130378296e-07
3.470000000000000000e+02	5.525921205084901980e-07	4.303363782230027755e-07	6.748478627939776204e-07
3.480000000000000000e+02	5.412191706081229421e-07	4.282094182867225591e-07	6.542289229295233780e-07
3.490000000000000000e+02	5.397038302396139926e-07	4.249013367506214623e-07	6.545063237286065229e-07
3.500000000000000000e+02	5.170244416211897400e-07	4.072763512003777962e-07	6.267725320420016837e-07
3.510000000000000000e+02	5.026767564355927649e-07	3.935759374161495499e-07	6.117775754550359270e-07
3.520000000000000000e+02	5.145517114552649340e-07	3.986199600614111782e-07	6.304834628491186369e-07
3.530000000000000000e+02	4.876463856560228005e-07	3.805532234501229379e-07	5.947395478619227161e-07
3.540000000000000000e+02	4.928856423184007260e-07	3.845615310753785130e-07	6.012097535614229390e-07
3.550000000000000000e+02	4.693086364008910460e-07	3.702885504400039667e-07	5.683287223617780724e-07
3.560000000000000000e+02	4.716055723355713228e-07	3.691585175183395078e-07	5.740526271528031908e-07
3.570000000000000000e+02	4.597674858284940191e-07	3.611757110349413944e-07	5.583592606220466439e-07
3.580000000000000000e+02	4.381446526015237481e-07	3.438892001598954689e-07	5.324001050431520272e-07
3.590000000000000000e+02	4.523381234960785633e-07	3.580361656471614484e-07	5.466400813449956783e-07
3.600000000000000000e+02	4.326682315255810960e-07	3.395893978708911871e-07	5.257470651802710049e-07
3.610000000000000000e+02	4.382244633717127384e-07	3.440483265273998528e-07	5.324006002160256240e-07
3.620000000000000000e+02	4.197460558593007567e-07	3.309574758649087234e-07	5.085346358536927901e-07
3.630000000000000000e+02	4.156752407030286296e-07	3.285812793635339171e-07	5.027692020425233422e-07
3.640000000000000000e+02	4.079306812679135129e-07	3.220045021953231214e-07	4.938568603405039044e-07
3.650000000000000000e+02	3.980472540042065102e-07	3.120329406640575713e-07	4.840615673443555021e-07
3.660000000000000000e+02	4.021000056741024350e-07	3.116854055659987591e-07	4.925146057822061110e-07
3.670000000000000000e+02	3.917378718009223188e-07	3.034208594974526485e-07	4.800548841043920419e-07
3.680000000000000000e+02	3.791194317132468163e-07	2.957567721795343898e-07	4.624820912469592429e-07
3.690000000000000000e+02	3.826189433713489832e-07	2.981702068537118371e-07	4.670676798889861292e-07
3.700000000000000000e+02	3.621534601265142189e-07	2.808222078244888557e-07	4.434847124285395821e-07
3.710000000000000000e+02	3.636769135586394145e-07	2.812057279000548532e-07	4.461480992172239759e-07
3.720000000000000000e+02	3.436151325912667158e-07	2.703802775485818565e-07	4.168499876339515751e-07
3.730000000000000000e+02	3.618986552343008237e-07	2.801547815156110400e-07	4.436425289529906074e-07
3.740000000000000000e+02	3.436576590398901958e-07	2.663650120942811003e-07	4.209503059854992913e-07
3.750000000000000000e+02	3.323530598478921171e-07	2.570125578468466606e-07	4.076935618489375737e-07
3.760000000000000000e+02	3.314874479707453013e-07	2.560187714683655191e-07	4.069561244731250835e-07
3.770000000000000000e+02	3.235326224195950499e-07	2.528919239514964330e-07	3.941733208876936667e-07
3.780000000000000000e+02	3.203720351404704348e-07	2.493189484462204049e-07	3.914251218347204647e-07
3.790000000000000000e+02	3.100396922654099753e-07	2.421167010199945278e-07	3.779626835108254229e-07
3.800000000000000000e+02	3.056968797524664821e-07	2.385978484054552510e-07	3.727959110994777131e-07
3.810000000000000000e+02	3.079197343024121580e-07	2.404980494265054739e-07	3.753414191783188422e-07
3.820000000000000000e+02	2.983299415335336620e-07	2.338140318283503767e-07	3.628458512387169472e-07
3.830000000000000000e+02	2.942751394516502041e-07	2.306282432122891944e-07	3.579220356910112138e-07
3.840000000000000000e+02	2.826258652198599141e-07	2.210027674838008265e-07	3.442489629559190017e-07
3.850000000000000000e+02	2.829199443988858708e-07	2.201518612601937747e-07	3.456880275375779404e-07
3.860000000000000000e+02	2.881777842780249979e-07	2.247384398172654448e-07	3.516171287387845510e-07
3.870000000000000000e+02	2.754973536618201723e-07	2.157161146656045126e-07	3.352785926580358057e-07
3.880000000000000000e+02	2.707592019836775040e-07	2.119701304547309943e-07	3.295482735126239872e-07
3.890000000000000000e+02	2.601865299958549531e-07	2.036311998035542557e-07	3.167418601881556505e-07
3.900000000000000000e+02	2.638681667155390867e-07	2.043684861975518367e-07	3.233678472335263368e-07
3.910000000000000000e+02	2.600742176960207070e-07	2.029408227655729748e-07	3.172076126264684656e-07
3.920000000000000000e+02	2.520833886658133975e-07	1.958629992560256159e-07	3.083037780756012055e-07
3.930000000000000000e+02	2.447996009793887802e-07	1.872881113564008998e-07	3.023110906023766342e-07
3.940000000000000000e+02	2.437069259232784781e-07	1.883423842587358454e-07	2.990714675878211372e-07
3.950000000000000000e+02	2.395754875266682180e-07	1.858821521615141402e-07	2.932688228918222959e-07
3.960000000000000000e+02	2.323145969079012540e-07	1.810094792130968866e-07	2.836197146027056213e-07
3.970000000000000000e+02	2.312767308935499456e-07	1.794895441069795347e-07	2.830639176801203564e-07
3.980000000000000000e+02	2.289350075982507453e-07	1.779978226986118833e-07	2.798721924978896073e-07
3.990000000000000000e+02	2.217869683176807019e-07	1.720737889949680801e-07	2.715001476403933502e-07
4.000000000000000000e+02	2.258401997303085479e-07	1.754164506892962005e-07	2.762639487713208954e-07
4.010000000000000000e+02	2.096233628505734788e-07	1.632001752972667208e-07	2.560465504038802368e-07
4.020000000000000000e+02	2.162793559290847555e-07	1.678372006118843789e-07	2.647215112462851321e-07
4.030000000000000000e+02	2.092034634287229562e-07	1.629144769637049910e-07	2.554924498937408949e-07
4.040000000000000000e+02	2.066777097884238485e-07	1.589429100680177121e-07	2.544125095088299584e-07
4.050000000000000000e+02	2.041000839491304519e-07	1.572188921962283428e-07	2.509812757020325609e-07
4.060000000000000000e+02	1.919720929169294274e-07	1.491700989968250229e-07	2.347740868370338319e-07
4.070000000000000000e+02	2.063710236337867841e-07	1.596142345772496623e-07	2.531278126903239060e-07
4.080000000000000000e+02	1.866084821300551069e-07	1.442557618668731569e-07	2.289612023932370569e-07
4.090000000000000000e+02	1.916792677422271199e-07	1.489857734743062420e-07	2.343727620101479979e-07
4.100000000000000000e+02	1.851975840336735448e-07	1.436852299716288098e-07	2.267099380957182798e-07
4.110000000000000000e+02	1.809211100990470412e-07	1.405116178731262685e-07	2.213306023249678139e-07
4.120000000000000000e+02	1.864542855816483777e-07	1.453680267028381579e-07	2.275405444604585974e-07
4.130000000000000000e+02	1.728735177242154843e-07	1.339745518894026398e-07	2.117724835590283288e-07
4.140000000000000000e+02	1.753934821664402692e-07	1.344668926048451189e-07	2.163200717280354196e-07
4.150000000000000000e+02	1.734284089844489889e-07	1.331020598053086588e-07	2.137547581635893190e-07
4.160000000000000000e+02	1.666877833025444163e-07	1.300519300228894140e-07	2.033236365821994187e-07
4.170000000000000000e+02	1.714191148550400535e-07	1.326959351734007617e-07	2.101422945366793452e-07
4.180000000000000000e+02	1.589668648834962396e-07	1.224666911287013076e-07	1.954670386382911716e-07
4.190000000000000000e+02	1.633418017569358267e-07	1.284290652845230941e-07	1.982545382293485592e-07
4.200000000000000000e+02	1.588357212571882144e-07	1.222581160796046387e-07	1.954133264347717901e-07
4.210000000000000000e+02	1.522499030328633652e-07	1.189238990621338017e-07	1.855759070035929288e-07
4.220000000000000000e+02	1.565263784033026440e-07	1.211555282097571858e-07	1.918972285968481022e-07
4.230000000000000000e+02	1.478579489393990012e-07	1.137873808068399241e-07	1.819285170719580783e-07
4.240000000000000000e+02	1.538874630628465811e-07	1.202776007770456770e-07	1.874973253486474853e-07
4.250000000000000000e+02	1.445321169401198141e-07	1.115999471063179474e-07	1.774642867739216809e-07
4.260000000000000000e+02	1.419936542250427406e-07	1.099871771278935818e-07	1.740001313221918994e-07
4.270000000000000000e+02	1.420156240607072006e-07	1.105084781399398082e-07	1.735227699814745929e-07
4.280000000000000000e+02	1.371221074873050885e-07	1.059127240856784760e-07	1.683314908889317010e-07
4.290000000000000000e+02	1.400471600760199444e-07	1.083609844880603791e-07	1.717333356639795098e-07
4.300000000000000000e+02	1.352477919593502612e-07	1.049444634365293368e-07	1.655511204821711856e-07
4.310000000000000000e+02	1.312874824834720905e-07	1.016897286461749908e-07	1.608852363207691902e-07
4.320000000000000000e+02	1.325890887753383302e-07	1.022093630469483683e-07	1.629688145037282921e-07
4.330000000000000000e+02	1.285071525863261812e-07	9.940394819709132323e-08	1.576103569755610525e-07
4.340000000000000000e+02	1.283750945117196356e-07	9.911682542391312381e-08	1.576333635995261475e-07
4.350000000000000000e+02	1.233054975997820787e-07	9.441703760469959332e-08	1.521939575948645642e-07
4.360000000000000000e+02	1.235729652921209075e-07	9.595832731922196830e-08	1.511876032650198334e-07
4.370000000000000000e+02	1.199326796773738555e-07	9.277985101733905870e-08	1.470855083374086524e-07
4.380000000000000000e+02	1.185608919338573584e-07	9.213142165151387866e-08	1.449903622162008382e-07
4.390000000000000000e+02	1.167986674649083621e-07	9.028392301461875793e-08	1.433134119151979663e-07
4.400000000000000000e+02	1.126117445023003983e-07	8.739727421448828985e-08	1.378262147901125068e-07
4.410000000000000000e+02	1.177434401804590647e-07	9.188093592971754057e-08	1.436059444312006020e-07
4.420000000000000000e+02	1.106101656677012348e-07	8.547667262649226888e-08	1.357436587089102008e-07
4.430000000000000000e+02	1.102474029330720231e-07	8.542720649260248662e-08	1.350675993735415596e-07
4.440000000000000000e+02	1.059255300945005881e-07	8.184158634667097744e-08	1.300094738423301987e-07
4.450000000000000000e+02	1.072957338833741888e-07	8.315612047770333400e-08	1.314353472890450435e-07
4.460000000000000000e+02	1.038595895665876007e-07	7.997076992970564365e-08	1.277484092034695577e-07
4.470000000000000000e+02	1.042052083777189763e-07	7.936308851130390359e-08	1.290473282441340622e-07
4.480000000000000000e+02	1.020099708911942096e-07	7.854669821273831831e-08	1.254732435696501010e-07
4.490000000000000000e+02	1.009572511083602162e-07	7.781876440508090187e-08	1.240957378116395172e-07
4.500000000000000000e+02	9.874451508362989490e-08	7.596926972371152117e-08	1.215197604435482686e-07
4.510000000000000000e+02	9.533213676220311369e-08	7.185963260135024490e-08	1.188046409230559825e-07
4.520000000000000000e+02	9.512900525596343973e-08	7.243962565348558303e-08	1.178183848584412964e-07
4.530000000000000000e+02	9.716534331958118700e-08	7.412074552572151439e-08	1.202099411134408596e-07
4.540000000000000000e+02	9.269962294422457302e-08	7.129531733870154521e-08	1.141039285497476008e-07
4.550000000000000000e+02	9.147795163252448832e-08	7.024041558044000328e-08	1.127154876846089734e-07
4.560000000000000000e+02	8.844646427947431128e-08	6.805705121368610854e-08	1.088358773452625140e-07
4.570000000000000000e+02	8.913522667651189704e-08	6.823955053180678026e-08	1.100309028212170138e-07
4.580000000000000000e+02	8.961273906081927112e-08	6.810696574633069016e-08	1.111185123753078521e-07
4.590000000000000000e+02	8.640011526092305955e-08	6.573667383868348535e-08	1.070635566831626337e-07
4.600000000000000000e+02	8.714100595625994106e-08	6.597171134182634038e-08	1.083103005706935417e-07
4.610000000000000000e+02	8.139895673747623583e-08	6.305435479250225357e-08	9.974355868245021810e-08
4.620000000000000000e+02	8.504416128742918786e-08	6.515520077373508450e-08	1.049331218011232912e-07
4.630000000000000000e+02	8.230798071755085060e-08	6.268951931945611005e-08	1.019264421156455912e-07
4.640000000000000000e+02	7.857357806600631677e-08	5.940125388066871318e-08	9.774590225134392036e-08
4.650000000000000000e+02	8.023287449425196416e-08	6.119133009207609560e-08	9.927441889642783272e-08
4.660000000000000000e+02	7.760772679162501610e-08	5.885519191449754451e-08	9.636026166875248770e-08
4.670000000000000000e+02	7.910651753338148072e-08	6.092643697008281889e-08	9.728659809668014254e-08
4.680000000000000000e+02	7.520918874425460707e-08	5.813157807697792923e-08	9.228679941153128490e-08
4.690000000000000000e+02	7.311956826312689754e-08	5.561168642016351466e-08	9.062745010609028041e-08
4.700000000000000000e+02	7.661874030796731199e-08	5.818334029421291860e-08	9.505414032172169878e-08
4.710000000000000000e+02	7.322157388441000156e-08	5.562443037993478263e-08	9.081871738888522049e-08
4.720000000000000000e+02	7.463686283143103472e-08	5.642335252322819437e-08	9.285037313963387508e-08
4.730000000000000000e+02	7.011828959612512133e-08	5.358268260372841951e-08	8.665389658852182315e-08
4.740000000000000000e+02	7.008157833816212452e-08	5.318848835994917509e-08	8.697466831637507396e-08
4.750000000000000000e+02	7.045476092371299454e-08	5.344857804848667608e-08	8.746094379893931300e-08
4.760000000000000000e+02	6.747238971676648490e-08	5.037052467724747137e-08	8.457425475628549844e-08
4.770000000000000000e+02	6.848931737998176990e-08	5.211454034794951391e-08	8.486409441201402589e-08
4.780000000000000000e+02	6.608051692487882122e-08	5.015722137479504391e-08	8.200381247496259852e-08
4.790000000000000000e+02	6.664100971701762554e-08	5.088992811776130118e-08	8.239209131627394990e-08
4.800000000000000000e+02	6.615199018605110366e-08	4.988339075547241390e-08	8.242058961662979342e-08
4.810000000000000000e+02	6.367618996906513410e-08	4.759785828598932061e-08	7.975452165214094760e-08
4.820000000000000000e+02	6.648587357826852600e-08	4.948732544580320027e-08	8.348442171073385834e-08
4.830000000000000000e+02	6.273993737223635892e-08	4.613517977021047024e-08	7.934469497426224761e-08
4.840000000000000000e+02	6.314154826927033006e-08	4.758027321079004926e-08	7.870282332775061747e-08
4.850000000000000000e+02	6.131561468353741095e-08	4.632230125706141297e-08	7.630892811001340893e-08
4.860000000000000000e+02	5.956223952159815182e-08	4.471530071824917458e-08	7.440917832494712906e-08
4.870000000000000000e+02	6.110069116155499415e-08	4.572628559925479002e-08	7.647509672385519828e-08
4.880000000000000000e+02	5.928399866407140472e-08	4.377339177759183613e-08	7.479460555055097993e-08
4.890000000000000000e+02	5.873425146737875030e-08	4.344405667823310447e-08	7.402444625652439613e-08
4.900000000000000000e+02	5.809877199135339149e-08	4.279260325956643133e-08	7.340494072314035826e-08
4.910000000000000000e+02	5.690257393915835786e-08	4.250142411241127837e-08	7.130372376590544395e-08
4.920000000000000000e+02	5.674737311998237081e-08	4.207619043204598958e-08	7.141855580791875203e-08
4.930000000000000000e+02	5.462605439516938406e-08	4.014591988846938043e-08	6.910618890186938769e-08
4.940000000000000000e+02	5.580050540222562772e-08	4.038224019602959695e-08	7.121877060842165850e-08
4.950000000000000000e+02	5.438751784709534175e-08	4.046117702985523230e-08	6.831385866433544458e-08
4.960000000000000000e+02	5.516373454435218027e-08	4.092584812584765198e-08	6.940162096285670857e-08
4.970000000000000000e+02	5.298912274852689801e-08	3.898216616111212973e-08	6.699607933594166628e-08
4.980000000000000000e+02	5.182397285717360490e-08	3.844057597640615244e-08	6.520736973794105737e-08
4.990000000000000000e+02	5.254922538706972307e-08	3.828942457590032377e-08	6.680902619823912898e-08
5.000000000000000000e+02	5.290713917386941400e-08	3.828298294601205617e-08	6.753129540172677182e-08
5.010000000000000000e+02	5.195378446543163483e-08	3.783586654762041820e-08	6.607170238324285147e-08
5.020000000000000000e+02	4.996274606634216207e-08	3.688954645732496222e-08	6.303594567535936192e-08
5.030000000000000000e+02	4.956325419846053431e-08	3.664487334463380150e-08	6.248163505228726711e-08
5.040000000000000000e+02	5.095356658114390675e-08	3.706607751137807354e-08	6.484105565090973996e-08
5.050000000000000000e+02	5.026548455675121181e-08	3.651050246429737307e-08	6.402046664920505054e-08
5.060000000000000000e+02	4.953908417303214663e-08	3.586154041895408225e-08	6.321662792711021101e-08
5.070000000000000000e+02	4.779227205183257590e-08	3.487605643932272921e-08	6.070848766434242921e-08
5.080000000000000000e+02	4.979385523035873540e-08	3.599457514661244900e-08	6.359313531410502179e-08
5.090000000000000000e+02	4.833931644640453644e-08	3.527758463755040314e-08	6.140104825525866975e-08
5.100000000000000000e+02	4.843028517376675019e-08	3.509971876917385021e-08	6.176085157835965018e-08
