0.000000000000000000e+00	2.196299500438879448e+00	1.777952720137291331e+00	2.614646280740467343e+00
1.000000000000000000e+00	6.696443326526905215e-01	4.283792591906222524e-01	9.109094061147587906e-01
2.000000000000000000e+00	1.625885019477839144e+00	1.465286912777563400e+00	1.786483126178114889e+00
3.000000000000000000e+00	3.487950088583152697e-01	2.637022958235087922e-01	4.338877218931217472e-01
4.000000000000000000e+00	5.102715209794307372e-01	4.266159706248909833e-01	5.939270713339704910e-01
5.000000000000000000e+00	7.279845538700190077e-02	4.854164664433392035e-02	9.705526412966988814e-02
6.000000000000000000e+00	4.590552565060005558e-02	3.770116751993446425e-02	5.410988378126564691e-02
7.000000000000000000e+00	1.874531458429937181e-02	1.463986399297124812e-02	2.285076517562749376e-02
8.000000000000000000e+00	1.095950371281952974e-02	8.363386719588987786e-03	1.355562070605007170e-02
9.000000000000000000e+00	6.092261486671223143e-03	4.925076390226140050e-03	7.259446583116306237e-03
1.000000000000000000e+01	3.919670387762103775e-03	3.194626981948976013e-03	4.644713793575231536e-03
1.100000000000000000e+01	2.710962821307363185e-03	2.108368233048089728e-03	3.313557409566636643e-03
1.200000000000000000e+01	1.846131865490983123e-03	1.467561744741324422e-03	2.224701986240642040e-03
1.300000000000000000e+01	1.391643514497855694e-03	1.115265262517780350e-03	1.668021766477931038e-03
1.400000000000000000e+01	1.012753093844709698e-03	8.330242508241744986e-04	1.192481936865244898e-03
1.500000000000000000e+01	8.055620022744313042e-04	6.637488807044072178e-04	9.473751238444553906e-04
1.600000000000000000e+01	6.028626670996424693e-04	5.038865641837690862e-04	7.018387700155158523e-04
1.700000000000000000e+01	4.654062487090226919e-04	3.959318222528000015e-04	5.348806751652453824e-04
1.800000000000000000e+01	3.725791798451232755e-04	3.108248408903123688e-04	4.343335187999341823e-04
1.900000000000000000e+01	3.211093507330982496e-04	2.592402911643509758e-04	3.829784103018455234e-04
2.000000000000000000e+01	2.589891175265491988e-04	2.083618865719165001e-04	3.096163484811819246e-04
2.100000000000000000e+01	2.112652302502991642e-04	1.678164843582114103e-04	2.547139761423869182e-04
2.200000000000000000e+01	1.794492933899364054e-04	1.447376157568150369e-04	2.141609710230577739e-04
2.300000000000000000e+01	1.477400889780471982e-04	1.210791543562918921e-04	1.744010235998025044e-04
2.400000000000000000e+01	1.267498361962660948e-04	1.064544854836869101e-04	1.470451869088452795e-04
2.500000000000000000e+01	1.085105351068694894e-04	9.105315545208109563e-05	1.259679147616578831e-04
2.600000000000000000e+01	9.344074968667600569e-05	7.771675953092498340e-05	1.091647398424270280e-04
2.700000000000000000e+01	7.883256449752140639e-05	6.460765256172736493e-05	9.305747643331544784e-05
2.800000000000000000e+01	6.886528605094046100e-05	5.698779371757675921e-05	8.074277838430416279e-05
2.900000000000000000e+01	6.220379515871522639e-05	5.328884370946761521e-05	7.111874660796283756e-05
3.000000000000000000e+01	5.383767812196873392e-05	4.453770392547920319e-05	6.313765231845825786e-05
3.100000000000000000e+01	4.824418994515010433e-05	4.145368611390799556e-05	5.503469377639221309e-05
3.200000000000000000e+01	4.219135389875927953e-05	3.663177556443306462e-05	4.775093223308549443e-05
3.300000000000000000e+01	3.765644784672688653e-05	3.227006642891563264e-05	4.304282926453814042e-05
3.400000000000000000e+01	3.213571561810857710e-05	2.708482949460061826e-05	3.718660174161653593e-05
3.500000000000000000e+01	2.923765336194434871e-05	2.453313476191307187e-05	3.394217196197562555e-05
3.600000000000000000e+01	2.635645523698550147e-05	2.297679388821624564e-05	2.973611658575475730e-05
3.700000000000000000e+01	2.369190396718675362e-05	1.984406568991361041e-05	2.753974224445989683e-05
3.800000000000000000e+01	2.199915611230849558e-05	1.880801805617490937e-05	2.519029416844208180e-05
3.900000000000000000e+01	1.939417071736698818e-05	1.696249140157989003e-05	2.182585003315408632e-05
4.000000000000000000e+01	1.782200451275742963e-05	1.496432067550085202e-05	2.067968835001400893e-05
4.100000000000000000e+01	1.594908319790418590e-05	1.368927242132785360e-05	1.820889397448051820e-05
4.200000000000000000e+01	1.484611685441332707e-05	1.254238433376848949e-05	1.714984937505816296e-05
4.300000000000000000e+01	1.361573829608639899e-05	1.136152826641231724e-05	1.586994832576048243e-05
4.400000000000000000e+01	1.225374277038948356e-05	1.036343371543804750e-05	1.414405182534091962e-05
4.500000000000000000e+01	1.159653954597489304e-05	9.664875156931323395e-06	1.352820393501846268e-05
4.600000000000000000e+01	1.074917112506807827e-05	9.032238080128817369e-06	1.246610417000733917e-05
4.700000000000000000e+01	9.767705762138121460e-06	8.094230946738626881e-06	1.144118057753761604e-05
4.800000000000000000e+01	8.954018665218494265e-06	7.641189163061327272e-06	1.026684816737566126e-05
4.900000000000000000e+01	8.449969308830168136e-06	7.135145018534909059e-06	9.764793599125427213e-06
5.000000000000000000e+01	7.572294368015516176e-06	6.449443747448947804e-06	8.695144988582084549e-06
5.100000000000000000e+01	7.095059192093069691e-06	6.012497822470190920e-06	8.177620561715949308e-06
5.200000000000000000e+01	6.349231259586451009e-06	5.359377992864546716e-06	7.339084526308355301e-06
5.300000000000000000e+01	6.066431890404922737e-06	5.094945368183996260e-06	7.037918412625849215e-06
5.400000000000000000e+01	5.516186860097428266e-06	4.687906363301423388e-06	6.344467356893433145e-06
5.500000000000000000e+01	5.294499132868017034e-06	4.493405332292774722e-06	6.095592933443259345e-06
5.600000000000000000e+01	4.853178419705902151e-06	4.237999833624416219e-06	5.468357005787388083e-06
5.700000000000000000e+01	4.587157066962445210e-06	3.973434877890199581e-06	5.200879256034690839e-06
5.800000000000000000e+01	4.234163168900420860e-06	3.661099656982546364e-06	4.807226680818295357e-06
5.900000000000000000e+01	3.952936923500157802e-06	3.318426231934101406e-06	4.587447615066214198e-06
6.000000000000000000e+01	3.762012816146853966e-06	3.135580942312505817e-06	4.388444689981202115e-06
6.100000000000000000e+01	3.497068186944462433e-06	2.936041570097979003e-06	4.058094803790945863e-06
6.200000000000000000e+01	3.228566758430547486e-06	2.759644704684804721e-06	3.697488812176290250e-06
6.300000000000000000e+01	3.057140554929911166e-06	2.599731422535940321e-06	3.514549687323882011e-06
6.400000000000000000e+01	2.909077620263413637e-06	2.415558482590965740e-06	3.402596757935861534e-06
6.500000000000000000e+01	2.738001173932926535e-06	2.295089652866424074e-06	3.180912694999428996e-06
6.600000000000000000e+01	2.578529952204022900e-06	2.146784953812175296e-06	3.010274950595870504e-06
6.700000000000000000e+01	2.413514962095167663e-06	2.034796802033019491e-06	2.792233122157315835e-06
6.800000000000000000e+01	2.262080792536788183e-06	1.876874721073679661e-06	2.647286863999896493e-06
6.900000000000000000e+01	2.141408296007370003e-06	1.818699582606077504e-06	2.464117009408662501e-06
7.000000000000000000e+01	2.012067939270034135e-06	1.697917909676291578e-06	2.326217968863776904e-06
7.100000000000000000e+01	1.890099611962846580e-06	1.588029365560818171e-06	2.192169858364874777e-06
7.200000000000000000e+01	1.811616645592121636e-06	1.530400913699808902e-06	2.092832377484434369e-06
7.300000000000000000e+01	1.693672895634399955e-06	1.396533572058379959e-06	1.990812219210419951e-06
7.400000000000000000e+01	1.630050049030782905e-06	1.385268632325933861e-06	1.874831465735631949e-06
7.500000000000000000e+01	1.540650035031531479e-06	1.303316484240930426e-06	1.777983585822132532e-06
7.600000000000000000e+01	1.447179594875036891e-06	1.176003193935640095e-06	1.718355995814433686e-06
7.700000000000000000e+01	1.356373093237450823e-06	1.157946712799334616e-06	1.554799473675567029e-06
7.800000000000000000e+01	1.292802312904103120e-06	1.083819547504437526e-06	1.501785078303768715e-06
7.900000000000000000e+01	1.225977866827277556e-06	1.030847955579392072e-06	1.421107778075163041e-06
8.000000000000000000e+01	1.156237447327471870e-06	9.836345536942028716e-07	1.328840340960740869e-06
8.100000000000000000e+01	1.108808150037742517e-06	9.455018957354088093e-07	1.272114404340076120e-06
8.200000000000000000e+01	1.045786182068280878e-06	8.883718621860487070e-07	1.203200501950513048e-06
8.300000000000000000e+01	1.010010367569077693e-06	8.554220619474659396e-07	1.164598673190689341e-06
8.400000000000000000e+01	9.506336653758496846e-07	8.075485529143597217e-07	1.093718777837339542e-06
8.500000000000000000e+01	9.031808213685424260e-07	7.579877121895439360e-07	1.048373930547541022e-06
8.600000000000000000e+01	8.794540307818979246e-07	7.400547881690524407e-07	1.018853273394743303e-06
8.700000000000000000e+01	8.360701197455108106e-07	6.935885094910682479e-07	9.785517299999534792e-07
8.800000000000000000e+01	7.972147137013526770e-07	6.652044710887683316e-07	9.292249563139370225e-07
8.900000000000000000e+01	7.583231057455585762e-07	6.273377718975038476e-07	8.893084395936133048e-07
9.000000000000000000e+01	7.224897063478663715e-07	6.072901081368909022e-07	8.376893045588418408e-07
9.100000000000000000e+01	7.026435505167490301e-07	5.703293317743922032e-07	8.349577692591058570e-07
9.200000000000000000e+01	6.712709748293068648e-07	5.562414839399468395e-07	7.863004657186668901e-07
9.300000000000000000e+01	6.340296005328563554e-07	5.348030655920560707e-07	7.332561354736566401e-07
9.400000000000000000e+01	5.987594081188797169e-07	5.115080265069390464e-07	6.860107897308203875e-07
9.500000000000000000e+01	5.749807479648322950e-07	4.822884689811173239e-07	6.676730269485472661e-07
9.600000000000000000e+01	5.552741336911821464e-07	4.706623368747957862e-07	6.398859305075685067e-07
9.700000000000000000e+01	5.283798703963950366e-07	4.372861873604305770e-07	6.194735534323594433e-07
9.800000000000000000e+01	5.021949070293432179e-07	4.272119145866283707e-07	5.771778994720580651e-07
9.900000000000000000e+01	4.853779802389194077e-07	4.045272631485622809e-07	5.662286973292765344e-07
1.000000000000000000e+02	4.670175980173098372e-07	3.908587618017400303e-07	5.431764342328796441e-07
1.010000000000000000e+02	4.473578588541674685e-07	3.787030636417068304e-07	5.160126540666281066e-07
1.020000000000000000e+02	4.286161351501671804e-07	3.636547530517416299e-07	4.935775172485927310e-07
1.030000000000000000e+02	4.137410657750605012e-07	3.407933215332639380e-07	4.866888100168570114e-07
1.040000000000000000e+02	3.923213693542627933e-07	3.303023172727374891e-07	4.543404214357880975e-07
1.050000000000000000e+02	3.797567643026487578e-07	3.148441485153594530e-07	4.446693800899380625e-07
1.060000000000000000e+02	3.653102463524862751e-07	3.073464016619545312e-07	4.232740910430180189e-07
1.070000000000000000e+02	3.493732157443133943e-07	2.904448866062663081e-07	4.083015448823604804e-07
1.080000000000000000e+02	3.351234321682572795e-07	2.819764925869961299e-07	3.882703717495184292e-07
1.090000000000000000e+02	3.203254934383935151e-07	2.674522012030185702e-07	3.731987856737684600e-07
1.100000000000000000e+02	3.071503025175439379e-07	2.538334383095730933e-07	3.604671667255147826e-07
1.110000000000000000e+02	2.962939426627749792e-07	2.423056585069674065e-07	3.502822268185825519e-07
1.120000000000000000e+02	2.830391597137949743e-07	2.339506954845295079e-07	3.321276239430604407e-07
1.130000000000000000e+02	2.738692673688728872e-07	2.291568865258004155e-07	3.185816482119453588e-07
1.140000000000000000e+02	2.608342446104961677e-07	2.160490668360798905e-07	3.056194223849124449e-07
1.150000000000000000e+02	2.525564050136602213e-07	2.108725606703152760e-07	2.942402493570051401e-07
1.160000000000000000e+02	2.415747139233969996e-07	2.019366987189307879e-07	2.812127291278631848e-07
1.170000000000000000e+02	2.328351257301458782e-07	1.965529719841733788e-07	2.691172794761183776e-07
1.180000000000000000e+02	2.212999074881418415e-07	1.872058734887082898e-07	2.553939414875754196e-07
1.190000000000000000e+02	2.158286998514669132e-07	1.810753515853486045e-07	2.505820481175852483e-07
1.200000000000000000e+02	2.075464126581221107e-07	1.762316543600247384e-07	2.388611709562194830e-07
1.210000000000000000e+02	1.999020499238856276e-07	1.663191256518808695e-07	2.334849741958903857e-07
1.220000000000000000e+02	1.916935736141816929e-07	1.598655792727774498e-07	2.235215679555859359e-07
1.230000000000000000e+02	1.841484071762912034e-07	1.541136404535059834e-07	2.141831738990764235e-07
1.240000000000000000e+02	1.762373158406838758e-07	1.484126943656815358e-07	2.040619373156862157e-07
1.250000000000000000e+02	1.697848385742767471e-07	1.404013536342648861e-07	1.991683235142886081e-07
1.260000000000000000e+02	1.643553675021148573e-07	1.366046255803756870e-07	1.921061094238540276e-07
1.270000000000000000e+02	1.584315175752857398e-07	1.321559604099414963e-07	1.847070747406299833e-07
1.280000000000000000e+02	1.523072153457141690e-07	1.289994473943174839e-07	1.756149832971108542e-07
1.290000000000000000e+02	1.470198675263363435e-07	1.219035476180695940e-07	1.721361874346030930e-07
1.300000000000000000e+02	1.429425541865733615e-07	1.207212585502506506e-07	1.651638498228960724e-07
1.310000000000000000e+02	1.394184164186800330e-07	1.157213231517245531e-07	1.631155096856355128e-07
1.320000000000000000e+02	1.326723379043646271e-07	1.096495546278009178e-07	1.556951211809283363e-07
1.330000000000000000e+02	1.298056036692318976e-07	1.067515687132946074e-07	1.528596386251691746e-07
1.340000000000000000e+02	1.264169115160776478e-07	1.047751900935078428e-07	1.480586329386474528e-07
1.350000000000000000e+02	1.195778999066672610e-07	9.955289750608393679e-08	1.396029023072505852e-07
1.360000000000000000e+02	1.173633463535258248e-07	9.822492086128396763e-08	1.365017718457676952e-07
1.370000000000000000e+02	1.129012936728027206e-07	9.354983012473296603e-08	1.322527572208724752e-07
1.380000000000000000e+02	1.090887984513819783e-07	9.000215001440833717e-08	1.281754468883556327e-07
1.390000000000000000e+02	1.051618793765842541e-07	8.763872294787467356e-08	1.226850358052938480e-07
1.400000000000000000e+02	1.001438474233178717e-07	8.270007575498119185e-08	1.175876190916545515e-07
1.410000000000000000e+02	9.766714733081066394e-08	8.189671612983691347e-08	1.134375785317844144e-07
1.420000000000000000e+02	9.535526781681009531e-08	8.045286496713895892e-08	1.102576706664812317e-07
1.430000000000000000e+02	9.110634599528908709e-08	7.587633822442548798e-08	1.063363537661526862e-07
1.440000000000000000e+02	8.780439176511875883e-08	7.359451232053671742e-08	1.020142712097008002e-07
1.450000000000000000e+02	8.534607515973871037e-08	7.063420155524989329e-08	1.000579487642275275e-07
1.460000000000000000e+02	8.125574307074377216e-08	6.868045767150570467e-08	9.383102846998183965e-08
1.470000000000000000e+02	7.918711434934816067e-08	6.675542723940825591e-08	9.161880145928806544e-08
1.480000000000000000e+02	7.751836133211016279e-08	6.545164537643076446e-08	8.958507728778956112e-08
1.490000000000000000e+02	7.433137884568488149e-08	6.257234697059092426e-08	8.609041072077883871e-08
1.500000000000000000e+02	7.213439445910316245e-08	6.095105519846287876e-08	8.331773371974344613e-08
1.510000000000000000e+02	6.983418591558418188e-08	5.820452081105690027e-08	8.146385102011145688e-08
1.520000000000000000e+02	6.693985477541119196e-08	5.607551736547042432e-08	7.780419218535195299e-08
1.530000000000000000e+02	6.447021646371758072e-08	5.354566435252868109e-08	7.539476857490648697e-08
1.540000000000000000e+02	6.271899424802133068e-08	5.295568210088985519e-08	7.248230639515280618e-08
1.550000000000000000e+02	6.127573092908934230e-08	5.076002298073609177e-08	7.179143887744259284e-08
1.560000000000000000e+02	5.897024726548944157e-08	4.889641557090646639e-08	6.904407896007241676e-08
1.570000000000000000e+02	5.739003019107962414e-08	4.752592801122169936e-08	6.725413237093755554e-08
1.580000000000000000e+02	5.517549109988898454e-08	4.610760638788650765e-08	6.424337581189145481e-08
1.590000000000000000e+02	5.352670971590377340e-08	4.455405698185018640e-08	6.249936244995736040e-08
1.600000000000000000e+02	5.290480254623220424e-08	4.335855262301107706e-08	6.245105246945333141e-08
1.610000000000000000e+02	5.015361078045475642e-08	4.185646124603808281e-08	5.845076031487143003e-08
1.620000000000000000e+02	4.936207693594541998e-08	4.046203450737118646e-08	5.826211936451965351e-08
1.630000000000000000e+02	4.724374428788324558e-08	3.875159605410389080e-08	5.573589252166260036e-08
1.640000000000000000e+02	4.561153056271064272e-08	3.761696419062010648e-08	5.360609693480117896e-08
1.650000000000000000e+02	4.402281540622419058e-08	3.675656457929100367e-08	5.128906623315737750e-08
1.660000000000000000e+02	4.314707570540037947e-08	3.532920266672233371e-08	5.096494874407842522e-08
1.670000000000000000e+02	4.157013315627235799e-08	3.466159498326508691e-08	4.847867132927962907e-08
1.680000000000000000e+02	4.047351854210052462e-08	3.338052003676488153e-08	4.756651704743616770e-08
1.690000000000000000e+02	3.932412863039017886e-08	3.300889808756311144e-08	4.563935917321724629e-08
1.700000000000000000e+02	3.862514136441202207e-08	3.240033096863612549e-08	4.484995176018791866e-08
1.710000000000000000e+02	3.718710154645368068e-08	3.135160286089509203e-08	4.302260023201226934e-08
1.720000000000000000e+02	3.575098672964350721e-08	2.951769410650165627e-08	4.198427935278535815e-08
1.730000000000000000e+02	3.458551291944505218e-08	2.882529385761562714e-08	4.034573198127448054e-08
1.740000000000000000e+02	3.412599853257797093e-08	2.841863599269810054e-08	3.983336107245784132e-08
1.750000000000000000e+02	3.280890841717996900e-08	2.702744870059040861e-08	3.859036813376952609e-08
1.760000000000000000e+02	3.148739489045326152e-08	2.600011067564395317e-08	3.697467910526256988e-08
1.770000000000000000e+02	3.063919014116141054e-08	2.519202915901158689e-08	3.608635112331123419e-08
1.780000000000000000e+02	2.963981728949632067e-08	2.461217657091455851e-08	3.466745800807808283e-08
1.790000000000000000e+02	2.856541138738960523e-08	2.364798800973003013e-08	3.348283476504918033e-08
1.800000000000000000e+02	2.804191704393667489e-08	2.299014630969843928e-08	3.309368777817490718e-08
1.810000000000000000e+02	2.742462142403388902e-08	2.250180749440530944e-08	3.234743535366246860e-08
1.820000000000000000e+02	2.641929561795690141e-08	2.164105305366411520e-08	3.119753818224969092e-08
1.830000000000000000e+02	2.579474675543545827e-08	2.139616436763810828e-08	3.019332914323280825e-08
1.840000000000000000e+02	2.507762728257831231e-08	2.093699615439816108e-08	2.921825841075846354e-08
1.850000000000000000e+02	2.406187284892406037e-08	2.007566041018288932e-08	2.804808528766523142e-08
1.860000000000000000e+02	2.357243653848718801e-08	1.978890911508850745e-08	2.735596396188586857e-08
1.870000000000000000e+02	2.293570600557603439e-08	1.912198777238884699e-08	2.674942423876322180e-08
1.880000000000000000e+02	2.233577005128324097e-08	1.843680743824814967e-08	2.623473266431833227e-08
1.890000000000000000e+02	2.167260213189204328e-08	1.795181316386269346e-08	2.539339109992139310e-08
1.900000000000000000e+02	2.111813342560979011e-08	1.756343127623554769e-08	2.467283557498403253e-08
1.910000000000000000e+02	2.066517031370147569e-08	1.679721816100429870e-08	2.453312246639865269e-08
1.920000000000000000e+02	2.010504014604923891e-08	1.660755762088176774e-08	2.360252267121671009e-08
1.930000000000000000e+02	1.943543235700475039e-08	1.614375859565979786e-08	2.272710611834970291e-08
1.940000000000000000e+02	1.920025542151834451e-08	1.578581093176467270e-08	2.261469991127201632e-08
1.950000000000000000e+02	1.857081788502456455e-08	1.516795228496130415e-08	2.197368348508782494e-08
1.960000000000000000e+02	1.788670983582934156e-08	1.487747809181091691e-08	2.089594157984776457e-08
1.970000000000000000e+02	1.732916403224408777e-08	1.424399660527917977e-08	2.041433145920899577e-08
1.980000000000000000e+02	1.705948136887105481e-08	1.417285699369180947e-08	1.994610574405030015e-08
1.990000000000000000e+02	1.641479664602725726e-08	1.339604211319305249e-08	1.943355117886146203e-08
2.000000000000000000e+02	1.600666512615068950e-08	1.336057458731962864e-08	1.865275566498175036e-08
2.010000000000000000e+02	1.547739429953849461e-08	1.278629951820708470e-08	1.816848908086990286e-08
2.020000000000000000e+02	1.519264220884243259e-08	1.247666832114735705e-08	1.790861609653750812e-08
2.030000000000000000e+02	1.478698685921247122e-08	1.217979783803101231e-08	1.739417588039393179e-08
2.040000000000000000e+02	1.430714379091952541e-08	1.181694627783865212e-08	1.679734130400040036e-08
2.050000000000000000e+02	1.407221381793264094e-08	1.166644045004847343e-08	1.647798718581681010e-08
2.060000000000000000e+02	1.365850381041519064e-08	1.132381205402995925e-08	1.599319556680042037e-08
2.070000000000000000e+02	1.342733079288646474e-08	1.099541584900128651e-08	1.585924573677164296e-08
2.080000000000000000e+02	1.275170788732165899e-08	1.057269076649247889e-08	1.493072500815084073e-08
2.090000000000000000e+02	1.255562586872223798e-08	1.031194752877753056e-08	1.479930420866694540e-08
2.100000000000000000e+02	1.219074198546842709e-08	1.002918418283268612e-08	1.435229978810416806e-08
2.110000000000000000e+02	1.182550466905311402e-08	9.825508367546184321e-09	1.382550097056004372e-08
2.120000000000000000e+02	1.143265800276217680e-08	9.371865009325282963e-09	1.349345099619907063e-08
2.130000000000000000e+02	1.134375121631386843e-08	9.300085212620477834e-09	1.338741722000725902e-08
2.140000000000000000e+02	1.089995921453057416e-08	9.039691770082592394e-09	1.276022665897855592e-08
2.150000000000000000e+02	1.060046978431721625e-08	8.746701229401366803e-09	1.245423833923306569e-08
2.160000000000000000e+02	1.027564226473971475e-08	8.604823359253147459e-09	1.194646117022628204e-08
2.170000000000000000e+02	9.988793287518264365e-09	8.187505722951743919e-09	1.179008085208478481e-08
2.180000000000000000e+02	9.670824062297797106e-09	8.034136747069028527e-09	1.130751137752656568e-08
2.190000000000000000e+02	9.485922384124938069e-09	7.832662516857397932e-09	1.113918225139247821e-08
2.200000000000000000e+02	9.163980890807863529e-09	7.619692229959387486e-09	1.070826955165633957e-08
2.210000000000000000e+02	8.951592655577312965e-09	7.362748053716875113e-09	1.054043725743775164e-08
2.220000000000000000e+02	8.633330239753480987e-09	7.160183768204525508e-09	1.010647671130243646e-08
2.230000000000000000e+02	8.552966262665252420e-09	7.036126966825977839e-09	1.006980555850452700e-08
2.240000000000000000e+02	8.275486557921895559e-09	6.826680845224762948e-09	9.724292270619028170e-09
2.250000000000000000e+02	8.082096138474592311e-09	6.551703744205549749e-09	9.612488532743635700e-09
2.260000000000000000e+02	7.887022992336661781e-09	6.527848305954196833e-09	9.246197678719126729e-09
2.270000000000000000e+02	7.644677081737709528e-09	6.197341428789292945e-09	9.092012734686125284e-09
2.280000000000000000e+02	7.480483557039685133e-09	6.180592198495264098e-09	8.780374915584106168e-09
2.290000000000000000e+02	7.244661659015196848e-09	5.914031915891152329e-09	8.575291402139240541e-09
2.300000000000000000e+02	7.052683516109890404e-09	5.767091281792139014e-09	8.338275750427641795e-09
2.310000000000000000e+02	6.842793280136602504e-09	5.618051252525817546e-09	8.067535307747387461e-09
2.320000000000000000e+02	6.721904259345774244e-09	5.511773045845944069e-09	7.932035472845603592e-09
2.330000000000000000e+02	6.521405485976819830e-09	5.336766358722712247e-09	7.706044613230928240e-09
2.340000000000000000e+02	6.361152220742755317e-09	5.176790505690588220e-09	7.545513935794921588e-09
2.350000000000000000e+02	6.192872088044998681e-09	5.021871543205971712e-09	7.363872632884025650e-09
2.360000000000000000e+02	5.994558797021498036e-09	4.900189113333358967e-09	7.088928480709637105e-09
2.370000000000000000e+02	5.894672655412099533e-09	4.792269540422101224e-09	6.997075770402097843e-09
2.380000000000000000e+02	5.761831762526442575e-09	4.687166379172381458e-09	6.836497145880503691e-09
2.390000000000000000e+02	5.623368397178019674e-09	4.558643453460107412e-09	6.688093340895931936e-09
2.400000000000000000e+02	5.475483937039645463e-09	4.442395902344842610e-09	6.508571971734448316e-09
2.410000000000000000e+02	5.383001540053434996e-09	4.348823843625238175e-09	6.417179236481631816e-09
2.420000000000000000e+02	5.222553323103082275e-09	4.226390580744163133e-09	6.218716065462001417e-09
2.430000000000000000e+02	5.038829720669852984e-09	4.117276355469143828e-09	5.960383085870562140e-09
2.440000000000000000e+02	4.902413900632481562e-09	4.021895735501251250e-09	5.782932065763711873e-09
2.450000000000000000e+02	4.809079817546535699e-09	3.906990689209494447e-09	5.711168945883576951e-09
2.460000000000000000e+02	4.670896280426294605e-09	3.823865471546296523e-09	5.517927089306292686e-09
2.470000000000000000e+02	4.602656093060431431e-09	3.764584325417652150e-09	5.440727860703210711e-09
2.480000000000000000e+02	4.439299641525133913e-09	3.624446978779339102e-09	5.254152304270928724e-09
2.490000000000000000e+02	4.375206957944442874e-09	3.574128850157265633e-09	5.176285065731620529e-09
2.500000000000000000e+02	4.212559074361198909e-09	3.442977394579445776e-09	4.982140754142952042e-09
2.510000000000000000e+02	4.148100255917721915e-09	3.377920947325426620e-09	4.918279564510017211e-09
2.520000000000000000e+02	4.005226819840808401e-09	3.250407751637067622e-09	4.760045888044549179e-09
2.530000000000000000e+02	3.929014334070599548e-09	3.204358141298377713e-09	4.653670526842821383e-09
2.540000000000000000e+02	3.841892803676014960e-09	3.131523428377824512e-09	4.552262178974205409e-09
2.550000000000000000e+02	3.741119821432282283e-09	3.087991958927701627e-09	4.394247683936862939e-09
2.560000000000000000e+02	3.625896966370731007e-09	2.958870615650348928e-09	4.292923317091112672e-09
2.570000000000000000e+02	3.554346772471855675e-09	2.916308241831023688e-09	4.192385303112688076e-09
2.580000000000000000e+02	3.477095700265100418e-09	2.853248441696693356e-09	4.100942958833507893e-09
2.590000000000000000e+02	3.385039230582439179e-09	2.778549097738693561e-09	3.991529363426185210e-09
2.600000000000000000e+02	3.309850673922440821e-09	2.688572647416268651e-09	3.931128700428612991e-09
2.610000000000000000e+02	3.220745624182388130e-09	2.629988936877203522e-09	3.811502311487573151e-09
2.620000000000000000e+02	3.174657854661310416e-09	2.589784860289747165e-09	3.759530849032874082e-09
2.630000000000000000e+02	3.078788282134595472e-09	2.494701470545546099e-09	3.662875093723644845e-09
2.640000000000000000e+02	3.008686874240346810e-09	2.450510843786585174e-09	3.566862904694108445e-09
2.650000000000000000e+02	2.961221322754482823e-09	2.396591237287324497e-09	3.525851408221641148e-09
2.660000000000000000e+02	2.888132559096733518e-09	2.331782865178222918e-09	3.444482253015244119e-09
2.670000000000000000e+02	2.837765454152833807e-09	2.273431093319147586e-09	3.402099814986520028e-09
2.680000000000000000e+02	2.763218968611582367e-09	2.239775012856753233e-09	3.286662924366411500e-09
2.690000000000000000e+02	2.685149248872959122e-09	2.178040458233858591e-09	3.192258039512059652e-09
2.700000000000000000e+02	2.631154831001302717e-09	2.135998627242933776e-09	3.126311034759671659e-09
2.710000000000000000e+02	2.593708990308274476e-09	2.111153651232677804e-09	3.076264329383871149e-09
2.720000000000000000e+02	2.497818371668046454e-09	2.039971955120664621e-09	2.955664788215428287e-09
2.730000000000000000e+02	2.477004871697604996e-09	1.996579993778905045e-09	2.957429749616304947e-09
2.740000000000000000e+02	2.412900971874481628e-09	1.952454337504248143e-09	2.873347606244715113e-09
2.750000000000000000e+02	2.363189638993645484e-09	1.890217543818399623e-09	2.836161734168891345e-09
2.760000000000000000e+02	2.293441748524651032e-09	1.849334220421020501e-09	2.737549276628281563e-09
2.770000000000000000e+02	2.245506194771687543e-09	1.805095544363192739e-09	2.685916845180182347e-09
2.780000000000000000e+02	2.175211826198252327e-09	1.752036839768944329e-09	2.598386812627560118e-09
2.790000000000000000e+02	2.132971897323339608e-09	1.709123877069579818e-09	2.556819917577099397e-09
2.800000000000000000e+02	2.085511195997435286e-09	1.661007045346387263e-09	2.510015346648483102e-09
2.810000000000000000e+02	2.048110356871514233e-09	1.616387684436341310e-09	2.479833029306687156e-09
2.820000000000000000e+02	1.965734075259982505e-09	1.573576223512264274e-09	2.357891927007700735e-09
2.830000000000000000e+02	1.936156731004211919e-09	1.555424378917285989e-09	2.316889083091137848e-09
2.840000000000000000e+02	1.890859863447746303e-09	1.509158438130728222e-09	2.272561288764764590e-09
2.850000000000000000e+02	1.849474676147120906e-09	1.488319393556279882e-09	2.210629958737961930e-09
2.860000000000000000e+02	1.802349056715480478e-09	1.447060334458874479e-09	2.157637778972086684e-09
2.870000000000000000e+02	1.770273611981977772e-09	1.418232229814805200e-09	2.122314994149150343e-09
2.880000000000000000e+02	1.717369316446656984e-09	1.370179345068971349e-09	2.064559287824342619e-09
2.890000000000000000e+02	1.699746019840618117e-09	1.349211094534476146e-09	2.050280945146760088e-09
2.900000000000000000e+02	1.651924671018998150e-09	1.320934384709132173e-09	1.982914957328864126e-09
2.910000000000000000e+02	1.584973909064341477e-09	1.272289275489905922e-09	1.897658542638776826e-09
2.920000000000000000e+02	1.559419812265500004e-09	1.254104670062089791e-09	1.864734954468910217e-09
2.930000000000000000e+02	1.522162858542365037e-09	1.219037327360343682e-09	1.825288389724386392e-09
2.940000000000000000e+02	1.492293734972493985e-09	1.188586689228671726e-09	1.796000780716316244e-09
2.950000000000000000e+02	1.462734456815047126e-09	1.173933602390272805e-09	1.751535311239821446e-09
2.960000000000000000e+02	1.423794345146627195e-09	1.138080195539100905e-09	1.709508494754153484e-09
2.970000000000000000e+02	1.383070922470945474e-09	1.109339245649470023e-09	1.656802599292420924e-09
2.980000000000000000e+02	1.348606669481422289e-09	1.090559353165405350e-09	1.606653985797439228e-09
2.990000000000000000e+02	1.332889285220455374e-09	1.060947212693909005e-09	1.604831357747001743e-09
3.000000000000000000e+02	1.294012190988017194e-09	1.033437381062583820e-09	1.554587000913450567e-09
3.010000000000000000e+02	1.266876779012065728e-09	1.006724554423755522e-09	1.527029003600375933e-09
3.020000000000000000e+02	1.242304717292716516e-09	9.867415575805237648e-10	1.497867877004909267e-09
3.030000000000000000e+02	1.212096141848734557e-09	9.661749815650584335e-10	1.458017302132410681e-09
3.040000000000000000e+02	1.190776649187165454e-09	9.467224448888881866e-10	1.434830853485442722e-09
3.050000000000000000e+02	1.165523356363146581e-09	9.186595428956195891e-10	1.412387169830673572e-09
3.060000000000000000e+02	1.126477279838746003e-09	8.981941633667779145e-10	1.354760396310714194e-09
3.070000000000000000e+02	1.103694129914840447e-09	8.788162655951269612e-10	1.328571994234553933e-09
3.080000000000000000e+02	1.072862820313647144e-09	8.489933127871452060e-10	1.296732327840149082e-09
3.090000000000000000e+02	1.056403310215410500e-09	8.271209669175419627e-10	1.285685653513279038e-09
3.100000000000000000e+02	1.033868063631384835e-09	8.231864771269508513e-10	1.244549650135818818e-09
3.110000000000000000e+02	1.009143223282443299e-09	7.936996336251991316e-10	1.224586812939687466e-09
3.120000000000000000e+02	9.823101623066880381e-10	7.730563115153068066e-10	1.191564013098069373e-09
3.130000000000000000e+02	9.688099623942638555e-10	7.642707289176273789e-10	1.173349195870900332e-09
3.140000000000000000e+02	9.468917825644591392e-10	7.512120743915913650e-10	1.142571490737326810e-09
3.150000000000000000e+02	9.192699492452359021e-10	7.287518357182690468e-10	1.109788062772202757e-09
3.160000000000000000e+02	8.935235646526171172e-10	7.049420369903482536e-10	1.082105092314885981e-09
3.170000000000000000e+02	8.881323139612428063e-10	7.008887655841231284e-10	1.075375862338362484e-09
3.180000000000000000e+02	8.654646741143042885e-10	6.861483652485206345e-10	1.044780982980087943e-09
3.190000000000000000e+02	8.397998237785506568e-10	6.628082193477900493e-10	1.016791428209311264e-09
3.200000000000000000e+02	8.301404669163122571e-10	6.532540018250070619e-10	1.007026932007617349e-09
3.210000000000000000e+02	8.044540552578197049e-10	6.358646091788249003e-10	9.730435013368145096e-10
3.220000000000000000e+02	7.951984347900889213e-10	6.296854937249128887e-10	9.607113758552649540e-10
3.230000000000000000e+02	7.724784464294142187e-10	6.126775728834771987e-10	9.322793199753513420e-10
3.240000000000000000e+02	7.617595641840584867e-10	6.006776900847943732e-10	9.228414382833226001e-10
3.250000000000000000e+02	7.320377303195534233e-10	5.852498219115715321e-10	8.788256387275353145e-10
3.260000000000000000e+02	7.282985943211229498e-10	5.772327323821445508e-10	8.793644562601013487e-10
3.270000000000000000e+02	7.124007083922373739e-10	5.676569923482459359e-10	8.571444244362288120e-10
3.280000000000000000e+02	6.903233592211354479e-10	5.461479855565943657e-10	8.344987328856765301e-10
3.290000000000000000e+02	6.797197378110715315e-10	5.344732890678801430e-10	8.249661865542629201e-10
3.300000000000000000e+02	6.631696714369180597e-10	5.182301973879656023e-10	8.081091454858705171e-10
3.310000000000000000e+02	6.486567788063532907e-10	5.131978355669996555e-10	7.841157220457069259e-10
3.320000000000000000e+02	6.275716145625476971e-10	4.944226419902089705e-10	7.607205871348864238e-10
3.330000000000000000e+02	6.107329494352734858e-10	4.830889698188129070e-10	7.383769290517340646e-10
3.340000000000000000e+02	5.990639286068785722e-10	4.692499961519367733e-10	7.288778610618203711e-10
3.350000000000000000e+02	5.857772373794779918e-10	4.604339497022863745e-10	7.111205250566696091e-10
3.360000000000000000e+02	5.783893398093833228e-10	4.525206201180928288e-10	7.042580595006738169e-10
3.370000000000000000e+02	5.623683153415908859e-10	4.417452268824017136e-10	6.829914038007801099e-10
3.380000000000000000e+02	5.510982125296458826e-10	4.306507252176509994e-10	6.715456998416407142e-10
3.390000000000000000e+02	5.401714922356880704e-10	4.224529828959078975e-10	6.578900015754682433e-10
3.400000000000000000e+02	5.222686665427034696e-10	4.052340449036152945e-10	6.393032881817916965e-10
3.410000000000000000e+02	5.159657345022438109e-10	4.042460331082988842e-10	6.276854358961887376e-10
3.420000000000000000e+02	4.985155589980396625e-10	3.886619170053853273e-10	6.083692009906939460e-10
3.430000000000000000e+02	4.897614254196880870e-10	3.802101376956504615e-10	5.993127131437257125e-10
3.440000000000000000e+02	4.805957782907925581e-10	3.747861039048284039e-10	5.864054526767567122e-10
3.450000000000000000e+02	4.668015271560972945e-10	3.632874125232765998e-10	5.703156417889180409e-10
3.460000000000000000e+02	4.593250561190559450e-10	3.599020436288905200e-10	5.587480686092213700e-10
3.470000000000000000e+02	4.493754409407995641e-10	3.527687606283513851e-10	5.459821212532477432e-10
3.480000000000000000e+02	4.422161843029135596e-10	3.447574283608927963e-10	5.396749402449343229e-10
3.490000000000000000e+02	4.300556936145298746e-10	3.355514010841217043e-10	5.245599861449380449e-10
3.500000000000000000e+02	4.251151173542309144e-10	3.279290283911796634e-10	5.223012063172821654e-10
3.510000000000000000e+02	4.129579662340427573e-10	3.261335449110939171e-10	4.997823875569916491e-10
3.520000000000000000e+02	4.029735065002478153e-10	3.124745897422355621e-10	4.934724232582600684e-10
3.530000000000000000e+02	3.959466998253609713e-10	3.076968842592859852e-10	4.841965153914359574e-10
3.540000000000000000e+02	3.889329180239326736e-10	3.026932523548705192e-10	4.751725836929948280e-10
3.550000000000000000e+02	3.755570301497597554e-10	2.906064834026448044e-10	4.605075768968747065e-10
3.560000000000000000e+02	3.697710127295590273e-10	2.884189902627707458e-10	4.511230351963473089e-10
3.570000000000000000e+02	3.623438340332355896e-10	2.815739859803478466e-10	4.431136820861233325e-10
3.580000000000000000e+02	3.501506966851573349e-10	2.717890049285863570e-10	4.285123884417283128e-10
3.590000000000000000e+02	3.461510378159278922e-10	2.659451063718051246e-10	4.263569692600506598e-10
3.600000000000000000e+02	3.408222399218081349e-10	2.690676805600452054e-10	4.125767992835710645e-10
3.610000000000000000e+02	3.340497670541271585e-10	2.575339255390598523e-10	4.105656085691944646e-10
3.620000000000000000e+02	3.251374632871249020e-10	2.505328919159061842e-10	3.997420346583436197e-10
3.630000000000000000e+02	3.208397376624369409e-10	2.467795000789730999e-10	3.948999752459007819e-10
3.640000000000000000e+02	3.115254782720960957e-10	2.394875869209354934e-10	3.835633696232566981e-10
3.650000000000000000e+02	3.064977017183381316e-10	2.369385785253235414e-10	3.760568249113527218e-10
3.660000000000000000e+02	2.994504206939812120e-10	2.272118176159661615e-10	3.716890237719962883e-10
3.670000000000000000e+02	2.952780403178143652e-10	2.271799100038348843e-10	3.633761706317938720e-10
3.680000000000000000e+02	2.863576200401089311e-10	2.199685856936358907e-10	3.527466543865819714e-10
3.690000000000000000e+02	2.819444986004261176e-10	2.183733981897881660e-10	3.455155990110640693e-10
3.700000000000000000e+02	2.741058455556901092e-10	2.095224108093592123e-10	3.386892803020210061e-10
3.710000000000000000e+02	2.666376660069491504e-10	2.041491795681066997e-10	3.291261524457916012e-10
3.720000000000000000e+02	2.570590655984347859e-10	1.997971590389204431e-10	3.143209721579491287e-10
3.730000000000000000e+02	2.504799950939421535e-10	1.937476778564017497e-10	3.072123123314825573e-10
3.740000000000000000e+02	2.484730693009829559e-10	1.917091673183528860e-10	3.052369712836130517e-10
3.750000000000000000e+02	2.411157827708152831e-10	1.866978272434618513e-10	2.955337382981687149e-10
3.760000000000000000e+02	2.384784725984008955e-10	1.828744378026395660e-10	2.940825073941622250e-10
3.770000000000000000e+02	2.332935110022604719e-10	1.774317657417906603e-10	2.891552562627303094e-10
3.780000000000000000e+02	2.293713006747061060e-10	1.751964362918874658e-10	2.835461650575247203e-10
3.790000000000000000e+02	2.240171528016203726e-10	1.711373864980873162e-10	2.768969191051534032e-10
3.800000000000000000e+02	2.206836812055858728e-10	1.680146474847067175e-10	2.733527149264650281e-10
3.810000000000000000e+02	2.147103713751689965e-10	1.633315801134595314e-10	2.660891626368784875e-10
3.820000000000000000e+02	2.097365160998956779e-10	1.599309941857539813e-10	2.595420380140373744e-10
3.830000000000000000e+02	2.050400987620003979e-10	1.566908426903667087e-10	2.533893548336340871e-10
3.840000000000000000e+02	2.016512803687093072e-10	1.538519676649867750e-10	2.494505930724318395e-10
3.850000000000000000e+02	1.983764692206405166e-10	1.523465780340118296e-10	2.444063604072692035e-10
3.860000000000000000e+02	1.939255212883679461e-10	1.474090471546907722e-10	2.404419954220451199e-10
3.870000000000000000e+02	1.883538607249919149e-10	1.434162869774474793e-10	2.332914344725363506e-10
3.880000000000000000e+02	1.858666669239912479e-10	1.414360355978702207e-10	2.302972982501122752e-10
3.890000000000000000e+02	1.834785818002314278e-10	1.395594868731864414e-10	2.273976767272764142e-10
3.900000000000000000e+02	1.802125999774446642e-10	1.349873016812959151e-10	2.254378982735934132e-10
3.910000000000000000e+02	1.752101711839111855e-10	1.325615210845596995e-10	2.178588212832626716e-10
3.920000000000000000e+02	1.707259799567523552e-10	1.302372587778463342e-10	2.112147011356583762e-10
3.930000000000000000e+02	1.675137323417708739e-10	1.275752143550918901e-10	2.074522503284498578e-10
3.940000000000000000e+02	1.644467648236248259e-10	1.248505677928764098e-10	2.040429618543732419e-10
3.950000000000000000e+02	1.609569158406484461e-10	1.213361998316342056e-10	2.005776318496626865e-10
3.960000000000000000e+02	1.578515240570235605e-10	1.185765085291614931e-10	1.971265395848856278e-10
3.970000000000000000e+02	1.562686258440677066e-10	1.165533741148334746e-10	1.959838775733019385e-10
3.980000000000000000e+02	1.520508194961177496e-10	1.136146445828980231e-10	1.904869944093374761e-10
3.990000000000000000e+02	1.495134301985331813e-10	1.120060625213884298e-10	1.870207978756779328e-10
4.000000000000000000e+02	1.467929937576353576e-10	1.100311545284783271e-10	1.835548329867924009e-10
4.010000000000000000e+02	1.447044260365443331e-10	1.085512327175065475e-10	1.808576193555821316e-10
4.020000000000000000e+02	1.424947881076051230e-10	1.067902340273301700e-10	1.781993421878800761e-10
4.030000000000000000e+02	1.385429906368186442e-10	1.038929839636195947e-10	1.731929973100176937e-10
4.040000000000000000e+02	1.356226686901083660e-10	1.020494588995083383e-10	1.691958784807083937e-10
4.050000000000000000e+02	1.330253728611373548e-10	9.817880572293542679e-11	1.678719399993392827e-10
4.060000000000000000e+02	1.312010302855241197e-10	9.800163668182053685e-11	1.644004238892277026e-10
4.070000000000000000e+02	1.274788682667267680e-10	9.534657833046709564e-11	1.596111582029864403e-10
4.080000000000000000e+02	1.253151671572066272e-10	9.399204851218760795e-11	1.566382858022256593e-10
4.090000000000000000e+02	1.217919045924473962e-10	9.130333967948951025e-11	1.522804695054052822e-10
4.100000000000000000e+02	1.198123601403422704e-10	9.045901487271631374e-11	1.491657054079682271e-10
4.110000000000000000e+02	1.177419138718060352e-10	8.859400155455897285e-11	1.468898261890530976e-10
4.120000000000000000e+02	1.159234124982643305e-10	8.743641935790173324e-11	1.444104056386269277e-10
4.130000000000000000e+02	1.140517116549788460e-10	8.637424768372531285e-11	1.417291756262323662e-10
4.140000000000000000e+02	1.105872642765092115e-10	8.239988511582764481e-11	1.387746434371907783e-10
4.150000000000000000e+02	1.097880349280621696e-10	8.240227734779935609e-11	1.371737925083249960e-10
4.160000000000000000e+02	1.071793168569261997e-10	8.027687018276351002e-11	1.340817635310888894e-10
4.170000000000000000e+02	1.059628480183306756e-10	7.864197047170895880e-11	1.332837255649523925e-10
4.180000000000000000e+02	1.032203040192079362e-10	7.660148426802367232e-11	1.298391237703921871e-10
4.190000000000000000e+02	1.020730387131264151e-10	7.609164562802571834e-11	1.280544317982271119e-10
4.200000000000000000e+02	9.924333510220245954e-11	7.451574851941292385e-11	1.239709216849919823e-10
4.210000000000000000e+02	9.790478402887325775e-11	7.300745258237947429e-11	1.228021154753670412e-10
4.220000000000000000e+02	9.605290454832484798e-11	7.185037140356644467e-11	1.202554376930832384e-10
4.230000000000000000e+02	9.404848886140453237e-11	7.059368988083697758e-11	1.175032878419720742e-10
4.240000000000000000e+02	9.221134539209351553e-11	6.888743591564401820e-11	1.155352548685430129e-10
4.250000000000000000e+02	9.061530665398983745e-11	6.772875385524922149e-11	1.135018594527304534e-10
4.260000000000000000e+02	8.938005973848046608e-11	6.638371267812232207e-11	1.123764067988386101e-10
4.270000000000000000e+02	8.679963253102709687e-11	6.465005401791604368e-11	1.089492110441381501e-10
4.280000000000000000e+02	8.586706999512676717e-11	6.431923125303986723e-11	1.074149087372136671e-10
4.290000000000000000e+02	8.416241147872622922e-11	6.302989801019856211e-11	1.052949249472538963e-10
4.300000000000000000e+02	8.339523421804012362e-11	6.295246679775194485e-11	1.038380016383283024e-10
4.310000000000000000e+02	8.116260090719006677e-11	6.135107398005547314e-11	1.009741278343246604e-10
4.320000000000000000e+02	7.920488241761025784e-11	5.942529461288689208e-11	9.898447022233362361e-11
4.330000000000000000e+02	7.846622416738139881e-11	5.889671562914858036e-11	9.803573270561421727e-11
4.340000000000000000e+02	7.676904740248372252e-11	5.801455636670140044e-11	9.552353843826604460e-11
4.350000000000000000e+02	7.578024778484663590e-11	5.665993276724959440e-11	9.490056280244367740e-11
4.360000000000000000e+02	7.408297261517767333e-11	5.527435177150434367e-11	9.289159345885100298e-11
4.370000000000000000e+02	7.313616975780574763e-11	5.455966711000171407e-11	9.171267240560977472e-11
4.380000000000000000e+02	7.183655982913154876e-11	5.353695188228002532e-11	9.013616777598307220e-11
4.390000000000000000e+02	7.040064245841111962e-11	5.215873262453536859e-11	8.864255229228687066e-11
4.400000000000000000e+02	6.908762240387066382e-11	5.143303962711375960e-11	8.674220518062756805e-11
4.410000000000000000e+02	6.750948243710329604e-11	5.030010733032324964e-11	8.471885754388334890e-11
4.420000000000000000e+02	6.658028956128912691e-11	4.982267217394103215e-11	8.333790694863722168e-11
4.430000000000000000e+02	6.563098460578614468e-11	4.838290278023778978e-11	8.287906643133449959e-11
4.440000000000000000e+02	6.490331442935009091e-11	4.751044416243481756e-11	8.229618469626535780e-11
4.450000000000000000e+02	6.406974282552088549e-11	4.706265594924008618e-11	8.107682970180168480e-11
4.460000000000000000e+02	6.254645714997383881e-11	4.606225496008562416e-11	7.903065933986205346e-11
4.470000000000000000e+02	6.111257753786017404e-11	4.581302015852654695e-11	7.641213491719380112e-11
4.480000000000000000e+02	6.004611019820150156e-11	4.463370638111429612e-11	7.545851401528870053e-11
4.490000000000000000e+02	5.899943789746498069e-11	4.413745930281506286e-11	7.386141649211490497e-11
4.500000000000000000e+02	5.821646310800542558e-11	4.288935682977916474e-11	7.354356938623169288e-11
4.510000000000000000e+02	5.737150746084857138e-11	4.174720154316125173e-11	7.299581337853589104e-11
4.520000000000000000e+02	5.641493339311704967e-11	4.118735418033914447e-11	7.164251260589496133e-11
4.530000000000000000e+02	5.534963786464568914e-11	4.036459711139050102e-11	7.033467861790087079e-11
4.540000000000000000e+02	5.404069243270837639e-11	4.001042930176546030e-11	6.807095556365129247e-11
4.550000000000000000e+02	5.318645816099699636e-11	3.938496898629608887e-11	6.698794733569790384e-11
4.560000000000000000e+02	5.214582020117983719e-11	3.787141325433069192e-11	6.642022714802898246e-11
4.570000000000000000e+02	5.186608540193378646e-11	3.756877290354745951e-11	6.616339790032011342e-11
4.580000000000000000e+02	5.132860807491156017e-11	3.647317748844861668e-11	6.618403866137449720e-11
4.590000000000000000e+02	5.010491038702240642e-11	3.570532981250941118e-11	6.450449096153540167e-11
4.600000000000000000e+02	4.866490165564712378e-11	3.573852734063318978e-11	6.159127597066105779e-11
4.610000000000000000e+02	4.847429265586477168e-11	3.596302413221186255e-11	6.098556117951768727e-11
4.620000000000000000e+02	4.771568162673926541e-11	3.490494702816481132e-11	6.052641622531371950e-11
4.630000000000000000e+02	4.726099345741574863e-11	3.358964931698144117e-11	6.093233759785004962e-11
4.640000000000000000e+02	4.702039057868065612e-11	3.288874387508186027e-11	6.115203728227945198e-11
4.650000000000000000e+02	4.587775937777879435e-11	3.241654208465177392e-11	5.933897667090581479e-11
4.660000000000000000e+02	4.517882646753677710e-11	3.222808830443848282e-11	5.812956463063507139e-11
4.670000000000000000e+02	4.405846170074393408e-11	3.194123867809450222e-11	5.617568472339336595e-11
4.680000000000000000e+02	4.376739415656677781e-11	3.143713254282896853e-11	5.609765577030458708e-11
4.690000000000000000e+02	4.352760132331337347e-11	3.063970170262615886e-11	5.641550094400058809e-11
4.700000000000000000e+02	4.260251756584356007e-11	3.013618738853823805e-11	5.506884774314888210e-11
4.710000000000000000e+02	4.220877816221549587e-11	2.958233259157305744e-11	5.483522373285793431e-11
4.720000000000000000e+02	4.107476521889835426e-11	2.984013745424029327e-11	5.230939298355641525e-11
4.730000000000000000e+02	4.040227597124567628e-11	2.967855196850527159e-11	5.112599997398608098e-11
4.740000000000000000e+02	3.977973209894810513e-11	2.859384618160652635e-11	5.096561801628968390e-11
4.750000000000000000e+02	3.950442908861630831e-11	2.793186413614124079e-11	5.107699404109137583e-11
4.760000000000000000e+02	3.967579201711881262e-11	2.736354888269934284e-11	5.198803515153828241e-11
4.770000000000000000e+02	3.882249247372663938e-11	2.755515322623283760e-11	5.008983172122044116e-11
4.780000000000000000e+02	3.824801443272850724e-11	2.709839676060998628e-11	4.939763210484702496e-11
4.790000000000000000e+02	3.778269547696924922e-11	2.711917666161330606e-11	4.844621429232519237e-11
4.800000000000000000e+02	3.743226455015221788e-11	2.664799577470214100e-11	4.821653332560229475e-11
4.810000000000000000e+02	3.717217470230549233e-11	2.641388867438856398e-11	4.793046073022242068e-11
4.820000000000000000e+02	3.659951473378591031e-11	2.564316067826853426e-11	4.755586878930328312e-11
4.830000000000000000e+02	3.588033899423224891e-11	2.509214432093116019e-11	4.666853366753333764e-11
4.840000000000000000e+02	3.582313895320582547e-11	2.570993253019591556e-11	4.593634537621573538e-11
4.850000000000000000e+02	3.551146913095742206e-11	2.509660484568498556e-11	4.592633341622985856e-11
4.860000000000000000e+02	3.550362640073555076e-11	2.477523978913320798e-11	4.623201301233789355e-11
4.870000000000000000e+02	3.542567538970494113e-11	2.399667142596809353e-11	4.685467935344178873e-11
4.880000000000000000e+02	3.481442488431958202e-11	2.391321838008488161e-11	4.571563138855427920e-11
4.890000000000000000e+02	3.425915385044026777e-11	2.400960635649894182e-11	4.450870134438159373e-11
4.900000000000000000e+02	3.309965193591674777e-11	2.394955690128189550e-11	4.224974697055160003e-11
4.910000000000000000e+02	3.338982320280303259e-11	2.357715606549745074e-11	4.320249034010861445e-11
4.920000000000000000e+02	3.338122258999709882e-11	2.244990872458909690e-11	4.431253645540510397e-11
4.930000000000000000e+02	3.406701583277093896e-11	2.242366381781551914e-11	4.571036784772635879e-11
4.940000000000000000e+02	3.363915234764949181e-11	2.267713101327191673e-11	4.460117368202706690e-11
4.950000000000000000e+02	3.334788367274137079e-11	2.339772467498778986e-11	4.329804267049495172e-11
4.960000000000000000e+02	3.245010687620729551e-11	2.365556638965038594e-11	4.124464736276420509e-11
4.970000000000000000e+02	3.240131826664250165e-11	2.317490170999871196e-11	4.162773482328629133e-11
4.980000000000000000e+02	3.230056631719673097e-11	2.265265870110940489e-11	4.194847393328405705e-11
4.990000000000000000e+02	3.306210930444046665e-11	2.211358963096200632e-11	4.401062897791892375e-11
5.000000000000000000e+02	3.310852682945551898e-11	2.314529014389199083e-11	4.307176351501904713e-11
5.010000000000000000e+02	3.224671398261409970e-11	2.317324545578072933e-11	4.132018250944746683e-11
5.020000000000000000e+02	3.255518179365081290e-11	2.327215676288019109e-11	4.183820682442143471e-11
5.030000000000000000e+02	3.297535781408305457e-11	2.235064168976361845e-11	4.360007393840249068e-11
5.040000000000000000e+02	3.297911013143609978e-11	2.162035681872005808e-11	4.433786344415214148e-11
5.050000000000000000e+02	3.269704733718795862e-11	2.208680500952901283e-11	4.330728966484690441e-11
5.060000000000000000e+02	3.232052610748846728e-11	2.279939037898254756e-11	4.184166183599438700e-11
5.070000000000000000e+02	3.330634425813932198e-11	2.404222907345210284e-11	4.257045944282654112e-11
5.080000000000000000e+02	3.384503602325473723e-11	2.397563340578654888e-11	4.371443864072292235e-11
5.090000000000000000e+02	3.624556886582618530e-11	2.498436593603304464e-11	4.750677179561932596e-11
5.100000000000000000e+02	4.009547801434717264e-11	2.655548191597742907e-11	5.363547411271691621e-11
