0.000000000000000000e+00	1.322833043234923567e+00	6.862855689605793508e-01	1.959380517509267783e+00
1.000000000000000000e+00	9.644365761623013844e-01	5.381390424768657255e-01	1.390734109847737043e+00
2.000000000000000000e+00	1.253445762095556359e+00	8.353293616932476739e-01	1.671562162497865156e+00
3.000000000000000000e+00	4.047797282456332413e-01	2.609459480287277255e-01	5.486135084625387570e-01
4.000000000000000000e+00	8.826369659307006232e-01	7.063698623861461856e-01	1.058904069475255172e+00
5.000000000000000000e+00	1.068873436462708104e-01	6.201196392499466747e-02	1.517627233675469534e-01
6.000000000000000000e+00	7.344088875171476960e-02	5.732940002147560166e-02	8.955237748195393754e-02
7.000000000000000000e+00	2.853344887943289748e-02	2.064559905221662398e-02	3.642129870664917446e-02
8.000000000000000000e+00	1.668589477155086459e-02	1.206379683618764853e-02	2.130799270691408065e-02
9.000000000000000000e+00	8.677726393636864613e-03	6.432657167528324157e-03	1.092279561974540507e-02
1.000000000000000000e+01	5.600425247001427145e-03	4.192050356350182118e-03	7.008800137652672173e-03
1.100000000000000000e+01	3.835232120363810115e-03	2.733433736009279087e-03	4.937030504718341144e-03
1.200000000000000000e+01	2.602101965120676846e-03	1.947115584132129516e-03	3.257088346109224177e-03
1.300000000000000000e+01	1.952983005003097912e-03	1.457738362382241925e-03	2.448227647623953899e-03
1.400000000000000000e+01	1.413451306172852076e-03	1.091233353225852260e-03	1.735669259119851891e-03
1.500000000000000000e+01	1.141511439257243644e-03	8.867229262269288662e-04	1.396299952287558422e-03
1.600000000000000000e+01	8.507148580936071567e-04	6.761891181601986395e-04	1.025240598027015674e-03
1.700000000000000000e+01	6.372656781639361723e-04	5.073491983942409606e-04	7.671821579336313840e-04
1.800000000000000000e+01	5.106728645568852764e-04	4.040513212690934118e-04	6.172944078446770868e-04
1.900000000000000000e+01	4.510124296962920954e-04	3.536881641415759881e-04	5.483366952510082028e-04
2.000000000000000000e+01	3.593162445907382204e-04	2.745884757481527674e-04	4.440440134333236734e-04
2.100000000000000000e+01	2.961894640607239636e-04	2.245275570410881424e-04	3.678513710803597847e-04
2.200000000000000000e+01	2.520348797074831214e-04	1.949149707964543715e-04	3.091547886185118713e-04
2.300000000000000000e+01	2.048673906613664446e-04	1.614111382814954429e-04	2.483236430412374463e-04
2.400000000000000000e+01	1.773844713979676657e-04	1.419100240416231048e-04	2.128589187543122267e-04
2.500000000000000000e+01	1.503161421343025394e-04	1.194292581651860855e-04	1.812030261034189933e-04
2.600000000000000000e+01	1.294609942826535490e-04	1.013467023035149463e-04	1.575752862617921517e-04
2.700000000000000000e+01	1.089037690445020278e-04	8.461049740965596280e-05	1.331970406793480928e-04
2.800000000000000000e+01	9.530898645549946882e-05	7.571556163555722362e-05	1.149024112754417140e-04
2.900000000000000000e+01	8.712588601584214578e-05	7.236713450035266192e-05	1.018846375313316296e-04
3.000000000000000000e+01	7.500081791103795016e-05	5.953120574534027617e-05	9.047043007673562416e-05
3.100000000000000000e+01	6.702512927532899704e-05	5.646466916949938040e-05	7.758558938115862045e-05
3.200000000000000000e+01	5.868280065839284840e-05	4.887301737364242591e-05	6.849258394314326412e-05
3.300000000000000000e+01	5.239575393932683164e-05	4.346025498605035484e-05	6.133125289260331521e-05
3.400000000000000000e+01	4.421761461047115299e-05	3.607929255945630014e-05	5.235593666148600584e-05
3.500000000000000000e+01	4.051070884873392508e-05	3.300785112982744236e-05	4.801356656764040780e-05
3.600000000000000000e+01	3.644306961277653820e-05	3.067950754318865867e-05	4.220663168236441772e-05
3.700000000000000000e+01	3.242386894750426732e-05	2.640376594062965809e-05	3.844397195437887656e-05
3.800000000000000000e+01	3.053690768143810241e-05	2.469395791032495679e-05	3.637985745255124803e-05
3.900000000000000000e+01	2.679608706134461318e-05	2.246759481124768743e-05	3.112457931144153894e-05
4.000000000000000000e+01	2.464832553872776824e-05	2.014646736243722329e-05	2.915018371501831320e-05
4.100000000000000000e+01	2.206364553486800059e-05	1.838902758788121141e-05	2.573826348185478976e-05
4.200000000000000000e+01	2.072738860410927627e-05	1.668376749002850674e-05	2.477100971819004579e-05
4.300000000000000000e+01	1.891398470416043236e-05	1.508650406849121244e-05	2.274146533982965228e-05
4.400000000000000000e+01	1.688483591000781105e-05	1.368784461822692385e-05	2.008182720178869826e-05
4.500000000000000000e+01	1.610876174885094326e-05	1.298835639602592326e-05	1.922916710167596325e-05
4.600000000000000000e+01	1.505272286328195221e-05	1.229914697884617793e-05	1.780629874771772478e-05
4.700000000000000000e+01	1.372821397892393994e-05	1.081700605955392906e-05	1.663942189829395083e-05
4.800000000000000000e+01	1.255420835321907250e-05	1.022677991202205594e-05	1.488163679441608907e-05
4.900000000000000000e+01	1.192546507680682043e-05	9.674380371194169723e-06	1.417654978241947113e-05
5.000000000000000000e+01	1.065983674190926972e-05	8.765077954384202727e-06	1.255459552943433671e-05
5.100000000000000000e+01	1.004297152610360279e-05	8.147081947799906729e-06	1.193886110440729885e-05
5.200000000000000000e+01	8.905949598112823375e-06	7.184298064222910003e-06	1.062760113200273675e-05
5.300000000000000000e+01	8.595600964305530738e-06	6.895858422851436317e-06	1.029534350575962601e-05
5.400000000000000000e+01	7.740363943358154121e-06	6.364730296512851363e-06	9.115997590203456032e-06
5.500000000000000000e+01	7.535372611162032908e-06	6.075914581421833403e-06	8.994830640902232413e-06
5.600000000000000000e+01	6.877039302920099729e-06	5.807920101356139111e-06	7.946158504484060348e-06
5.700000000000000000e+01	6.537559477748288552e-06	5.501412377145382055e-06	7.573706578351195049e-06
5.800000000000000000e+01	5.963900351106344017e-06	4.989691632699083382e-06	6.938109069513604653e-06
5.900000000000000000e+01	5.603776176052517321e-06	4.538446244767510178e-06	6.669106107337524465e-06
6.000000000000000000e+01	5.325210258457000540e-06	4.293094086255039466e-06	6.357326430658961614e-06
6.100000000000000000e+01	4.998990018375127934e-06	4.017057365703908384e-06	5.980922671046347484e-06
6.200000000000000000e+01	4.612676890964365357e-06	3.821060007355568355e-06	5.404293774573162360e-06
6.300000000000000000e+01	4.343899772524966933e-06	3.571715998137509709e-06	5.116083546912424157e-06
6.400000000000000000e+01	4.119422509735029059e-06	3.268214898234074108e-06	4.970630121235984011e-06
6.500000000000000000e+01	3.913189549467099034e-06	3.162541671370018582e-06	4.663837427564179485e-06
6.600000000000000000e+01	3.730745243166387368e-06	2.991248748900211011e-06	4.470241737432563725e-06
6.700000000000000000e+01	3.463244575926818958e-06	2.845575587424737445e-06	4.080913564428900893e-06
6.800000000000000000e+01	3.249284950590638402e-06	2.600449122988896368e-06	3.898120778192380437e-06
6.900000000000000000e+01	3.098359078542719687e-06	2.600044024069224740e-06	3.596674133016214635e-06
7.000000000000000000e+01	2.908113282658451497e-06	2.395902462989390007e-06	3.420324102327512987e-06
7.100000000000000000e+01	2.723807583848956298e-06	2.211947002148171455e-06	3.235668165549741141e-06
7.200000000000000000e+01	2.620772307505449109e-06	2.166853905769528091e-06	3.074690709241370128e-06
7.300000000000000000e+01	2.451331538168306282e-06	1.965890039289463417e-06	2.936773037047149147e-06
7.400000000000000000e+01	2.376389981067765809e-06	1.948819817137803871e-06	2.803960144997727747e-06
7.500000000000000000e+01	2.255299603458870538e-06	1.845866227107444405e-06	2.664732979810296671e-06
7.600000000000000000e+01	2.104304142916843609e-06	1.628697000663426793e-06	2.579911285170260214e-06
7.700000000000000000e+01	1.971308671966204432e-06	1.634488733431971851e-06	2.308128610500437014e-06
7.800000000000000000e+01	1.882861787691586292e-06	1.528158864374129055e-06	2.237564711009043740e-06
7.900000000000000000e+01	1.795370817833718557e-06	1.458819283591830684e-06	2.131922352075606641e-06
8.000000000000000000e+01	1.680894941816012313e-06	1.379525242821708109e-06	1.982264640810316306e-06
8.100000000000000000e+01	1.621052266299950342e-06	1.335950696655859390e-06	1.906153835944041295e-06
8.200000000000000000e+01	1.541096059390288589e-06	1.266764351349402841e-06	1.815427767431174337e-06
8.300000000000000000e+01	1.485771112811294145e-06	1.202221142868953460e-06	1.769321082753634831e-06
8.400000000000000000e+01	1.397879134983504675e-06	1.147297226562208278e-06	1.648461043404801073e-06
8.500000000000000000e+01	1.329474994936579646e-06	1.081957274409435603e-06	1.576992715463723688e-06
8.600000000000000000e+01	1.301489133223085629e-06	1.057673684449720169e-06	1.545304581996451089e-06
8.700000000000000000e+01	1.235634348915561040e-06	9.968159306877699029e-07	1.474452767143352177e-06
8.800000000000000000e+01	1.179293403337894125e-06	9.518709913740609275e-07	1.406715815301727428e-06
8.900000000000000000e+01	1.116799298502092586e-06	8.909665307542834243e-07	1.342632066249901748e-06
9.000000000000000000e+01	1.067749579955607030e-06	8.754641473390415476e-07	1.260035012572172407e-06
9.100000000000000000e+01	1.038480655958401169e-06	8.110466098725107794e-07	1.265914702044291559e-06
9.200000000000000000e+01	9.945816703490908376e-07	7.984149296900916124e-07	1.190748411008090063e-06
9.300000000000000000e+01	9.379260330751019028e-07	7.752174980964243836e-07	1.100634568053779528e-06
9.400000000000000000e+01	8.883979910844223503e-07	7.443024661782091276e-07	1.032493515990635467e-06
9.500000000000000000e+01	8.517492698818089790e-07	6.890541091108286187e-07	1.014444430652789234e-06
9.600000000000000000e+01	8.264038858739000376e-07	6.851816885133229107e-07	9.676260832344770585e-07
9.700000000000000000e+01	7.853037775261077945e-07	6.287442467593451327e-07	9.418633082928704562e-07
9.800000000000000000e+01	7.480142188968726707e-07	6.162754730290547121e-07	8.797529647646906293e-07
9.900000000000000000e+01	7.234066659546938685e-07	5.786833275241590650e-07	8.681300043852286721e-07
1.000000000000000000e+02	6.988170955562811098e-07	5.612751756208618901e-07	8.363590154917003295e-07
1.010000000000000000e+02	6.674734728049969014e-07	5.459586793800139986e-07	7.889882662299798041e-07
1.020000000000000000e+02	6.413431742363749435e-07	5.232273999911705277e-07	7.594589484815793592e-07
1.030000000000000000e+02	6.235148256411163085e-07	4.833199723243279828e-07	7.637096789579046341e-07
1.040000000000000000e+02	5.917670460594890189e-07	4.735646225954769180e-07	7.099694695235011726e-07
1.050000000000000000e+02	5.703921577095861850e-07	4.551464696250334455e-07	6.856378457941389245e-07
1.060000000000000000e+02	5.526334340229917122e-07	4.452157588142623841e-07	6.600511092317210403e-07
1.070000000000000000e+02	5.251606839397572882e-07	4.183564438277824391e-07	6.319649240517321901e-07
1.080000000000000000e+02	5.050932881717198838e-07	4.075021728031921699e-07	6.026844035402475976e-07
1.090000000000000000e+02	4.820076273481204109e-07	3.885329337439371767e-07	5.754823209523036450e-07
1.100000000000000000e+02	4.623891948027696402e-07	3.696963342208392484e-07	5.550820553847000321e-07
1.110000000000000000e+02	4.483622066800324950e-07	3.549101237482800916e-07	5.418142896117848984e-07
1.120000000000000000e+02	4.264039092832384459e-07	3.391703496601868306e-07	5.136374689062901141e-07
1.130000000000000000e+02	4.122856381660148053e-07	3.360586174806916927e-07	4.885126588513379179e-07
1.140000000000000000e+02	3.930516866092797628e-07	3.150671289475829969e-07	4.710362442709765287e-07
1.150000000000000000e+02	3.828085697121260843e-07	3.092564504127681991e-07	4.563606890114839696e-07
1.160000000000000000e+02	3.646113056378387350e-07	2.961349062443406306e-07	4.330877050313368394e-07
1.170000000000000000e+02	3.517027228849693098e-07	2.904483602941607156e-07	4.129570854757779041e-07
1.180000000000000000e+02	3.316038144441966205e-07	2.739155901225311484e-07	3.892920387658620926e-07
1.190000000000000000e+02	3.253641405375968621e-07	2.647462580101272483e-07	3.859820230650664759e-07
1.200000000000000000e+02	3.125488825812533285e-07	2.592125209573428278e-07	3.658852442051638293e-07
1.210000000000000000e+02	3.024639729428905331e-07	2.456141270746180728e-07	3.593138188111629934e-07
1.220000000000000000e+02	2.888352920216344977e-07	2.314352368244521771e-07	3.462353472188168448e-07
1.230000000000000000e+02	2.781927294602214069e-07	2.256033209791463516e-07	3.307821379412964623e-07
1.240000000000000000e+02	2.665248416007737002e-07	2.180873965748486702e-07	3.149622866266987567e-07
1.250000000000000000e+02	2.573046675900862934e-07	2.050554334351856904e-07	3.095539017449868964e-07
1.260000000000000000e+02	2.486082476865933078e-07	1.989702754838637389e-07	2.982462198893228767e-07
1.270000000000000000e+02	2.410048022968716042e-07	1.941978307533595157e-07	2.878117738403836927e-07
1.280000000000000000e+02	2.310564072015323739e-07	1.888598493969598664e-07	2.732529650061048813e-07
1.290000000000000000e+02	2.237307339004077401e-07	1.780969161913051932e-07	2.693645516095102606e-07
1.300000000000000000e+02	2.182657786982079275e-07	1.780311235306371676e-07	2.585004338657786609e-07
1.310000000000000000e+02	2.136410001167684156e-07	1.710860426718180090e-07	2.561959575617188221e-07
1.320000000000000000e+02	2.029362758116759423e-07	1.603214672467365385e-07	2.455510843766153460e-07
1.330000000000000000e+02	1.988183648845360167e-07	1.579570341632510493e-07	2.396796956058209842e-07
1.340000000000000000e+02	1.953665705773331374e-07	1.569694901456417946e-07	2.337636510090244802e-07
1.350000000000000000e+02	1.825622005940142282e-07	1.462014490383266933e-07	2.189229521497017631e-07
1.360000000000000000e+02	1.801882899906530891e-07	1.457062113468620224e-07	2.146703686344441557e-07
1.370000000000000000e+02	1.736547291882566974e-07	1.383204590780201861e-07	2.089889992984932087e-07
1.380000000000000000e+02	1.675159227962182340e-07	1.330520751260231765e-07	2.019797704664132915e-07
1.390000000000000000e+02	1.616096813215528545e-07	1.302447458828895864e-07	1.929746167602161225e-07
1.400000000000000000e+02	1.526866766157995290e-07	1.219344177067037969e-07	1.834389355248952611e-07
1.410000000000000000e+02	1.506365255500761380e-07	1.212910471396683040e-07	1.799820039604839720e-07
1.420000000000000000e+02	1.465696380645339103e-07	1.204510240231227343e-07	1.726882521059450862e-07
1.430000000000000000e+02	1.397594042261956593e-07	1.119668405741330016e-07	1.675519678782583171e-07
1.440000000000000000e+02	1.346546249454774421e-07	1.080374508897123908e-07	1.612717990012424933e-07
1.450000000000000000e+02	1.321991056263898793e-07	1.049860758705550707e-07	1.594121353822246878e-07
1.460000000000000000e+02	1.245234629027853882e-07	1.019661281887207165e-07	1.470807976168500466e-07
1.470000000000000000e+02	1.217096457252549463e-07	9.834378215371848083e-08	1.450755092967914117e-07
1.480000000000000000e+02	1.196995090653290163e-07	9.741245623172558152e-08	1.419865618989324378e-07
1.490000000000000000e+02	1.148076903123172788e-07	9.286197432845072304e-08	1.367534062961838345e-07
1.500000000000000000e+02	1.113509448007781697e-07	9.115167734274915654e-08	1.315502122588071697e-07
1.510000000000000000e+02	1.076007438058858925e-07	8.624092985226320860e-08	1.289605577595085764e-07
1.520000000000000000e+02	1.026585023644657170e-07	8.316220104962280486e-08	1.221548036793086424e-07
1.530000000000000000e+02	9.905787804550773861e-08	7.957136690303968802e-08	1.185443891879757892e-07
1.540000000000000000e+02	9.652357748658636037e-08	7.862280563103876092e-08	1.144243493421339598e-07
1.550000000000000000e+02	9.443456525820835421e-08	7.509632054356650189e-08	1.137728099728502065e-07
1.560000000000000000e+02	9.103254668078518138e-08	7.307989867718095463e-08	1.089851946843894081e-07
1.570000000000000000e+02	8.881423227080282394e-08	7.093604301811986565e-08	1.066924215234857822e-07
1.580000000000000000e+02	8.521134124104391194e-08	6.887889613192691430e-08	1.015437863501609096e-07
1.590000000000000000e+02	8.255684403015558318e-08	6.638576810308111894e-08	9.872791995723004741e-08
1.600000000000000000e+02	8.198276513320663286e-08	6.507940682633056238e-08	9.888612344008270334e-08
1.610000000000000000e+02	7.768409001141001512e-08	6.266009998759493651e-08	9.270808003522509372e-08
1.620000000000000000e+02	7.620728401078336463e-08	6.019248390592313034e-08	9.222208411564359893e-08
1.630000000000000000e+02	7.325893894174837771e-08	5.791830731787051243e-08	8.859957056562624962e-08
1.640000000000000000e+02	7.025276805020444282e-08	5.578144622615774222e-08	8.472408987425115003e-08
1.650000000000000000e+02	6.794826719244572327e-08	5.455948829227450451e-08	8.133704609261694202e-08
1.660000000000000000e+02	6.677290822584674612e-08	5.259695002229674112e-08	8.094886642939674451e-08
1.670000000000000000e+02	6.418476711738906915e-08	5.146933017649493353e-08	7.690020405828320476e-08
1.680000000000000000e+02	6.255868271880096927e-08	4.992725595027875228e-08	7.519010948732318625e-08
1.690000000000000000e+02	6.059024620140212836e-08	4.931844485611191743e-08	7.186204754669234591e-08
1.700000000000000000e+02	6.010602831482072385e-08	4.888667943180836356e-08	7.132537719783308415e-08
1.710000000000000000e+02	5.742980638506807629e-08	4.688953135129227482e-08	6.797008141884387776e-08
1.720000000000000000e+02	5.535888595231125394e-08	4.456369654545669023e-08	6.615407535916582427e-08
1.730000000000000000e+02	5.359911874053804279e-08	4.311387144047883121e-08	6.408436604059725437e-08
1.740000000000000000e+02	5.305276405308583406e-08	4.293014890571416773e-08	6.317537920045750038e-08
1.750000000000000000e+02	5.103672669882267010e-08	4.079182313979645380e-08	6.128163025784888640e-08
1.760000000000000000e+02	4.884731767053256843e-08	3.913715606967984697e-08	5.855747927138528989e-08
1.770000000000000000e+02	4.736421975484758565e-08	3.763183207958382937e-08	5.709660743011134192e-08
1.780000000000000000e+02	4.600547288257865735e-08	3.711633770736678094e-08	5.489460805779053376e-08
1.790000000000000000e+02	4.414482461362808141e-08	3.540829177423802117e-08	5.288135745301814165e-08
1.800000000000000000e+02	4.344316542620351058e-08	3.485278167623702606e-08	5.203354917616999510e-08
1.810000000000000000e+02	4.271115705613340763e-08	3.398059887443983902e-08	5.144171523782697623e-08
1.820000000000000000e+02	4.101855999487860415e-08	3.262009237102989158e-08	4.941702761872731672e-08
1.830000000000000000e+02	4.014899700512774565e-08	3.251829615188324014e-08	4.777969785837225116e-08
1.840000000000000000e+02	3.900774400559529327e-08	3.184747832653789213e-08	4.616800968465269440e-08
1.850000000000000000e+02	3.736383224451420094e-08	3.022695914662911261e-08	4.450070534239928927e-08
1.860000000000000000e+02	3.654542297457195828e-08	2.999043343813797118e-08	4.310041251100594538e-08
1.870000000000000000e+02	3.569141471048870636e-08	2.913239121786603387e-08	4.225043820311137886e-08
1.880000000000000000e+02	3.448733980492718619e-08	2.760395733518144878e-08	4.137072227467292359e-08
1.890000000000000000e+02	3.367978006457751778e-08	2.701933725161090554e-08	4.034022287754413334e-08
1.900000000000000000e+02	3.276514812600657679e-08	2.657619085066204360e-08	3.895410540135111329e-08
1.910000000000000000e+02	3.223525058754196608e-08	2.522649515541972563e-08	3.924400601966420652e-08
1.920000000000000000e+02	3.135269989983462826e-08	2.490376443654343345e-08	3.780163536312582638e-08
1.930000000000000000e+02	3.019711497723143271e-08	2.440889072076025505e-08	3.598533923370261037e-08
1.940000000000000000e+02	3.002740099477589808e-08	2.396406035221505792e-08	3.609074163733673493e-08
1.950000000000000000e+02	2.885208421773548976e-08	2.284891306843169293e-08	3.485525536703928991e-08
1.960000000000000000e+02	2.786079519171698859e-08	2.259539520526739192e-08	3.312619517816658525e-08
1.970000000000000000e+02	2.692175553928352291e-08	2.138226676429138207e-08	3.246124431427566706e-08
1.980000000000000000e+02	2.669124560032096208e-08	2.151743948243994111e-08	3.186505171820198305e-08
1.990000000000000000e+02	2.558366549533189579e-08	2.020176234865751302e-08	3.096556864200627524e-08
2.000000000000000000e+02	2.504323401152215920e-08	2.024107279152925605e-08	2.984539523151506566e-08
2.010000000000000000e+02	2.426076406209882313e-08	1.958036429489698975e-08	2.894116382930065650e-08
2.020000000000000000e+02	2.377912574496058767e-08	1.891153080523456454e-08	2.864672068468661079e-08
2.030000000000000000e+02	2.326537939076632382e-08	1.849336436306417137e-08	2.803739441846847628e-08
2.040000000000000000e+02	2.235284920882367451e-08	1.793381838561538407e-08	2.677188003203196496e-08
2.050000000000000000e+02	2.214516632947868466e-08	1.792359574494513062e-08	2.636673691401223870e-08
2.060000000000000000e+02	2.142626855076666225e-08	1.720391812837977447e-08	2.564861897315355003e-08
2.070000000000000000e+02	2.111246054334205083e-08	1.673868201055614455e-08	2.548623907612795712e-08
2.080000000000000000e+02	1.999112550466159829e-08	1.607668480508572254e-08	2.390556620423747404e-08
2.090000000000000000e+02	1.968728239095286116e-08	1.566366318177619104e-08	2.371090160012953129e-08
2.100000000000000000e+02	1.917989953916032806e-08	1.532871981684682804e-08	2.303107926147382808e-08
2.110000000000000000e+02	1.853739672440578685e-08	1.492275443128351266e-08	2.215203901752806103e-08
2.120000000000000000e+02	1.791823913955403037e-08	1.428129624832352321e-08	2.155518203078453754e-08
2.130000000000000000e+02	1.785175798775396716e-08	1.425606517081926466e-08	2.144745080468866966e-08
2.140000000000000000e+02	1.713168127647166156e-08	1.383398025965037821e-08	2.042938229329294325e-08
2.150000000000000000e+02	1.667173347106846613e-08	1.342572035763685065e-08	1.991774658450007995e-08
2.160000000000000000e+02	1.615677406742611334e-08	1.330182133662460768e-08	1.901172679822762065e-08
2.170000000000000000e+02	1.573247592086202711e-08	1.258109641745326567e-08	1.888385542427078855e-08
2.180000000000000000e+02	1.521696686803183597e-08	1.238779045820195736e-08	1.804614327786171457e-08
2.190000000000000000e+02	1.492049915186921318e-08	1.208598629731767538e-08	1.775501200642075097e-08
2.200000000000000000e+02	1.442411099014480935e-08	1.167293846078785374e-08	1.717528351950176495e-08
2.210000000000000000e+02	1.406558237204391837e-08	1.134150309349297082e-08	1.678966165059486426e-08
2.220000000000000000e+02	1.358331268886273967e-08	1.108424028475255399e-08	1.608238509297292535e-08
2.230000000000000000e+02	1.346019006101954258e-08	1.081801213119085691e-08	1.610236799084822826e-08
2.240000000000000000e+02	1.306977995506817770e-08	1.057947990267525836e-08	1.556008000746109705e-08
2.250000000000000000e+02	1.271788157956433797e-08	1.005791342804854677e-08	1.537784973108013082e-08
2.260000000000000000e+02	1.245453731746266725e-08	1.001880611714357262e-08	1.489026851778176188e-08
2.270000000000000000e+02	1.204947446653164536e-08	9.524055569744632599e-09	1.457489336331865812e-08
2.280000000000000000e+02	1.179961253188511965e-08	9.489279568753926936e-09	1.410994549501631237e-08
2.290000000000000000e+02	1.143772094150140325e-08	9.142369343651383357e-09	1.373307253935142315e-08
2.300000000000000000e+02	1.110080684389237637e-08	8.819397855694190261e-09	1.338221583209056248e-08
2.310000000000000000e+02	1.076644280354791740e-08	8.681771447761912660e-09	1.285111415933392213e-08
2.320000000000000000e+02	1.059347602546891305e-08	8.541495727671435835e-09	1.264545632326639027e-08
2.330000000000000000e+02	1.028462362246208778e-08	8.208113151882352334e-09	1.236113409304182323e-08
2.340000000000000000e+02	9.996611576411578713e-09	8.002450975958874910e-09	1.199077217686428252e-08
2.350000000000000000e+02	9.737990259894235151e-09	7.701966222362560740e-09	1.177401429742590956e-08
2.360000000000000000e+02	9.399828680121521216e-09	7.563854029163857771e-09	1.123580333107918466e-08
2.370000000000000000e+02	9.254883618354484428e-09	7.399648459649320447e-09	1.111011877705964924e-08
2.380000000000000000e+02	9.063298029581332494e-09	7.202674262500713671e-09	1.092392179666195132e-08
2.390000000000000000e+02	8.854343941695929559e-09	7.028965764015014865e-09	1.067972211937684425e-08
2.400000000000000000e+02	8.603627888558706753e-09	6.858630649635366506e-09	1.034862512748204700e-08
2.410000000000000000e+02	8.475079775683522491e-09	6.680938711138173775e-09	1.026922084022887038e-08
2.420000000000000000e+02	8.199922595036152787e-09	6.480336370061338896e-09	9.919508820010965851e-09
2.430000000000000000e+02	7.885524687136761755e-09	6.319152039372862296e-09	9.451897334900662041e-09
2.440000000000000000e+02	7.706537819707815356e-09	6.191952645351139825e-09	9.221122994064490887e-09
2.450000000000000000e+02	7.547616183655285878e-09	6.030088247568146145e-09	9.065144119742425611e-09
2.460000000000000000e+02	7.319875705564318696e-09	5.912889973444231912e-09	8.726861437684404651e-09
2.470000000000000000e+02	7.207289249966805247e-09	5.760698388337325025e-09	8.653880111596285470e-09
2.480000000000000000e+02	6.948625866169459169e-09	5.605833852119641070e-09	8.291417880219276441e-09
2.490000000000000000e+02	6.862152297998707890e-09	5.504128478099628589e-09	8.220176117897788017e-09
2.500000000000000000e+02	6.584560411520270516e-09	5.307251880887262411e-09	7.861868942153278621e-09
2.510000000000000000e+02	6.509864541524111770e-09	5.219307925800281942e-09	7.800421157247941597e-09
2.520000000000000000e+02	6.261694682649561945e-09	4.992845486787027996e-09	7.530543878512095895e-09
2.530000000000000000e+02	6.150188865635541111e-09	4.895335382077785746e-09	7.405042349193296477e-09
2.540000000000000000e+02	6.027816943164539070e-09	4.815609386238377607e-09	7.240024500090700533e-09
2.550000000000000000e+02	5.854817852360263087e-09	4.756945712430488990e-09	6.952689992290037184e-09
2.560000000000000000e+02	5.673176763083395647e-09	4.550062204455049382e-09	6.796291321711741913e-09
2.570000000000000000e+02	5.558173252179694378e-09	4.456464336366973566e-09	6.659882167992415190e-09
2.580000000000000000e+02	5.450722276019627360e-09	4.371034947084961214e-09	6.530409604954293506e-09
2.590000000000000000e+02	5.305848874551861552e-09	4.283671491922136313e-09	6.328026257181586792e-09
2.600000000000000000e+02	5.189354733652186299e-09	4.130538625613105094e-09	6.248170841691267504e-09
2.610000000000000000e+02	5.052210497946936504e-09	4.029704553634675922e-09	6.074716442259197085e-09
2.620000000000000000e+02	4.988145709253187122e-09	4.006685251006204501e-09	5.969606167500169742e-09
2.630000000000000000e+02	4.818110223048741000e-09	3.828986032067751276e-09	5.807234414029730723e-09
2.640000000000000000e+02	4.717678820011020015e-09	3.757977253450407566e-09	5.677380386571632464e-09
2.650000000000000000e+02	4.658955138933795282e-09	3.690889720647598723e-09	5.627020557219991840e-09
2.660000000000000000e+02	4.535296433880503048e-09	3.586852889899204451e-09	5.483739977861801646e-09
2.670000000000000000e+02	4.456603219429656867e-09	3.481657516093762668e-09	5.431548922765551067e-09
2.680000000000000000e+02	4.348621481919028621e-09	3.467635646740481654e-09	5.229607317097576002e-09
2.690000000000000000e+02	4.222757224560443615e-09	3.344528518482314502e-09	5.100985930638573141e-09
2.700000000000000000e+02	4.142378713823605739e-09	3.291886433565193017e-09	4.992870994082018875e-09
2.710000000000000000e+02	4.078378274863615703e-09	3.223189764722384951e-09	4.933566785004846454e-09
2.720000000000000000e+02	3.918480622795057112e-09	3.133092499433254261e-09	4.703868746156859964e-09
2.730000000000000000e+02	3.901651347191973780e-09	3.078261957748459166e-09	4.725040736635488394e-09
2.740000000000000000e+02	3.797967517811785074e-09	2.996402596792588268e-09	4.599532438830981881e-09
2.750000000000000000e+02	3.722671124434296426e-09	2.889020961228310842e-09	4.556321287640282424e-09
2.760000000000000000e+02	3.600854457146363003e-09	2.829930669184673976e-09	4.371778245108052031e-09
2.770000000000000000e+02	3.538276934456606033e-09	2.762472056124393667e-09	4.314081812788817984e-09
2.780000000000000000e+02	3.407926931734956752e-09	2.680882399228550981e-09	4.134971464241362109e-09
2.790000000000000000e+02	3.353086441892688825e-09	2.609132854267791370e-09	4.097040029517585866e-09
2.800000000000000000e+02	3.273312124704746562e-09	2.551590024209627563e-09	3.995034225199865974e-09
2.810000000000000000e+02	3.229300095738741061e-09	2.496616227095130664e-09	3.961983964382351458e-09
2.820000000000000000e+02	3.088163515634458550e-09	2.404233444819862832e-09	3.772093586449054267e-09
2.830000000000000000e+02	3.045256517788483099e-09	2.386122594472780004e-09	3.704390441104186195e-09
2.840000000000000000e+02	2.963265533874239765e-09	2.302063370202553918e-09	3.624467697545925612e-09
2.850000000000000000e+02	2.910582983710945363e-09	2.286024454817742772e-09	3.535141512604147955e-09
2.860000000000000000e+02	2.831463964720591876e-09	2.207837895014638542e-09	3.455090034426545210e-09
2.870000000000000000e+02	2.784341800894607080e-09	2.167881410101361925e-09	3.400802191687852235e-09
2.880000000000000000e+02	2.692274234284190360e-09	2.096642789905710643e-09	3.287905678662670076e-09
2.890000000000000000e+02	2.672162724916102011e-09	2.066087499395714656e-09	3.278237950436489366e-09
2.900000000000000000e+02	2.597050793558094911e-09	2.026512459875897745e-09	3.167589127240292077e-09
2.910000000000000000e+02	2.478351189306193115e-09	1.945019860717971438e-09	3.011682517894414793e-09
2.920000000000000000e+02	2.439728015740676296e-09	1.925709923069266915e-09	2.953746108412085677e-09
2.930000000000000000e+02	2.381523164732179388e-09	1.871213571452832084e-09	2.891832758011526693e-09
2.940000000000000000e+02	2.341380392354880132e-09	1.823421611252521260e-09	2.859339173457239003e-09
2.950000000000000000e+02	2.288444851016041564e-09	1.796483813340780040e-09	2.780405888691303088e-09
2.960000000000000000e+02	2.227136855436130951e-09	1.745946954912978465e-09	2.708326755959283438e-09
2.970000000000000000e+02	2.160397933476120838e-09	1.690922345382163431e-09	2.629873521570078245e-09
2.980000000000000000e+02	2.108586001492340967e-09	1.669730654531184122e-09	2.547441348453497812e-09
2.990000000000000000e+02	2.090322564973944251e-09	1.625070143979811865e-09	2.555574985968076636e-09
3.000000000000000000e+02	2.023585596317391378e-09	1.597584233665754078e-09	2.449586958969028677e-09
3.010000000000000000e+02	1.986288388364545060e-09	1.538280683745879459e-09	2.434296092983210661e-09
3.020000000000000000e+02	1.946406709016522916e-09	1.504070587779353719e-09	2.388742830253692320e-09
3.030000000000000000e+02	1.901779320178943044e-09	1.471534092427046357e-09	2.332024547930839731e-09
3.040000000000000000e+02	1.859818624077904621e-09	1.445818121828945735e-09	2.273819126326863507e-09
3.050000000000000000e+02	1.832778236264967036e-09	1.406928428495794034e-09	2.258628044034140038e-09
3.060000000000000000e+02	1.763955194448226045e-09	1.371291165264581212e-09	2.156619223631870672e-09
3.070000000000000000e+02	1.731654001485362586e-09	1.344290680371487689e-09	2.119017322599237689e-09
3.080000000000000000e+02	1.680109201916189589e-09	1.290688175764612727e-09	2.069530228067766451e-09
3.090000000000000000e+02	1.656463477665761326e-09	1.264010450269262592e-09	2.048916505062260267e-09
3.100000000000000000e+02	1.624915622480737962e-09	1.260004930701911173e-09	1.989826314259564751e-09
3.110000000000000000e+02	1.584050181068753437e-09	1.210816918437590749e-09	1.957283443699916126e-09
3.120000000000000000e+02	1.538274016469929832e-09	1.175122734168602477e-09	1.901425298771257393e-09
3.130000000000000000e+02	1.517725964176417009e-09	1.164408893141806431e-09	1.871043035211027587e-09
3.140000000000000000e+02	1.488244693312447893e-09	1.145874240829022497e-09	1.830615145795873290e-09
3.150000000000000000e+02	1.438895735170241617e-09	1.104172309991200944e-09	1.773619160349282291e-09
3.160000000000000000e+02	1.395818853107106781e-09	1.065436597266299748e-09	1.726201108947913815e-09
3.170000000000000000e+02	1.393724154914439149e-09	1.056014911929838332e-09	1.731433397899039965e-09
3.180000000000000000e+02	1.357034181230663005e-09	1.046881234030881221e-09	1.667187128430444789e-09
3.190000000000000000e+02	1.311281765294896246e-09	9.999555867378551893e-10	1.622607943851937303e-09
3.200000000000000000e+02	1.298759560921211480e-09	9.980180506099907270e-10	1.599501071232432233e-09
3.210000000000000000e+02	1.260145471529450666e-09	9.706149006696584703e-10	1.549676042389242861e-09
3.220000000000000000e+02	1.244044531707267174e-09	9.498103733151021271e-10	1.538278690099432220e-09
3.230000000000000000e+02	1.213496053383504519e-09	9.309330720056884435e-10	1.496059034761320595e-09
3.240000000000000000e+02	1.189080514277199356e-09	9.099919666712758730e-10	1.468169061883122840e-09
3.250000000000000000e+02	1.143455646384936130e-09	8.897002822497132471e-10	1.397211010520159012e-09
3.260000000000000000e+02	1.140143193777333810e-09	8.759990312552458509e-10	1.404287356299421769e-09
3.270000000000000000e+02	1.114563183449093579e-09	8.629669586108389504e-10	1.366159408287348209e-09
3.280000000000000000e+02	1.075453368452316290e-09	8.299439339689082857e-10	1.320962802935724398e-09
3.290000000000000000e+02	1.063094706431066370e-09	8.124369904246045994e-10	1.313752422437528140e-09
3.300000000000000000e+02	1.037224456305091610e-09	7.873788181215689272e-10	1.287070094488614293e-09
3.310000000000000000e+02	1.016291245717627858e-09	7.815589165704736993e-10	1.251023574864782016e-09
3.320000000000000000e+02	9.771465520189156628e-10	7.522724096528212454e-10	1.202020694385010080e-09
3.330000000000000000e+02	9.493023840324710272e-10	7.360588030773026160e-10	1.162545964987639438e-09
3.340000000000000000e+02	9.355740132051060665e-10	7.076395414976415874e-10	1.163508484912570546e-09
3.350000000000000000e+02	9.118755299209544143e-10	6.975087218550851712e-10	1.126242337986823657e-09
3.360000000000000000e+02	9.012213164330640258e-10	6.827396558066762273e-10	1.119702977059451721e-09
3.370000000000000000e+02	8.754421335688746870e-10	6.719577440179210378e-10	1.078926523119828233e-09
3.380000000000000000e+02	8.561567777859677478e-10	6.466233270942916623e-10	1.065690228477643833e-09
3.390000000000000000e+02	8.415008836217641253e-10	6.379215428602362273e-10	1.045080224383291920e-09
3.400000000000000000e+02	8.083160956850865266e-10	6.086001989967701335e-10	1.008031992373402920e-09
3.410000000000000000e+02	8.013334010303688560e-10	6.089635391496552135e-10	9.937032629110824984e-10
3.420000000000000000e+02	7.740412998453938924e-10	5.864685325792872985e-10	9.616140671115004862e-10
3.430000000000000000e+02	7.607418989321827111e-10	5.721490990949811300e-10	9.493346987693842922e-10
3.440000000000000000e+02	7.459016528358005337e-10	5.626568144340169448e-10	9.291464912375841225e-10
3.450000000000000000e+02	7.223014833632326744e-10	5.443925674679218639e-10	9.002103992585434849e-10
3.460000000000000000e+02	7.121077976688810151e-10	5.385047013829421736e-10	8.857108939548198567e-10
3.470000000000000000e+02	6.986124326507746147e-10	5.301313039431814668e-10	8.670935613583677627e-10
3.480000000000000000e+02	6.866790833241085132e-10	5.149688996218142564e-10	8.583892670264027699e-10
3.490000000000000000e+02	6.666771676712993485e-10	5.015572679959869567e-10	8.317970673466117403e-10
3.500000000000000000e+02	6.617199138400189842e-10	4.921587198045217837e-10	8.312811078755161848e-10
3.510000000000000000e+02	6.414627470197801534e-10	4.860655965823816015e-10	7.968598974571787054e-10
3.520000000000000000e+02	6.258020911855806573e-10	4.694082569304520044e-10	7.821959254407093103e-10
3.530000000000000000e+02	6.127534649177377223e-10	4.565019906214320486e-10	7.690049392140433960e-10
3.540000000000000000e+02	6.061128985679487166e-10	4.534982610400964255e-10	7.587275360958010077e-10
3.550000000000000000e+02	5.820909103825454150e-10	4.301740304941384006e-10	7.340077902709524294e-10
3.560000000000000000e+02	5.745911501339699989e-10	4.308867102752769952e-10	7.182955899926630025e-10
3.570000000000000000e+02	5.619544698402675632e-10	4.206517661716048101e-10	7.032571735089302645e-10
3.580000000000000000e+02	5.428067799061626021e-10	4.048388682474079251e-10	6.807746915649172790e-10
3.590000000000000000e+02	5.373647745466453282e-10	3.937306069637627054e-10	6.809989421295279510e-10
3.600000000000000000e+02	5.292028328705880254e-10	4.019842209231970213e-10	6.564214448179790295e-10
3.610000000000000000e+02	5.192979037321704832e-10	3.819632973954197609e-10	6.566325100689211538e-10
3.620000000000000000e+02	5.037988323383701258e-10	3.718525087374218363e-10	6.357451559393184153e-10
3.630000000000000000e+02	4.993184960570026173e-10	3.684180610923478309e-10	6.302189310216574037e-10
3.640000000000000000e+02	4.851329615341282600e-10	3.571178148815209456e-10	6.131481081867355745e-10
3.650000000000000000e+02	4.744797968838146297e-10	3.502654098570996855e-10	5.986941839105295739e-10
3.660000000000000000e+02	4.643567074504128509e-10	3.376162495148600310e-10	5.910971653859656190e-10
3.670000000000000000e+02	4.587478925019094049e-10	3.370217957755021148e-10	5.804739892283167468e-10
3.680000000000000000e+02	4.439371504043449507e-10	3.255700726609411259e-10	5.623042281477487754e-10
3.690000000000000000e+02	4.361896592748377493e-10	3.238568712081004087e-10	5.485224473415751417e-10
3.700000000000000000e+02	4.243320184054659306e-10	3.106979965319075105e-10	5.379660402790243507e-10
3.710000000000000000e+02	4.125014992691316294e-10	3.021048325338197869e-10	5.228981660044434718e-10
3.720000000000000000e+02	3.959135985381318104e-10	2.947137435346944125e-10	4.971134535415691567e-10
3.730000000000000000e+02	3.853777888932393152e-10	2.873320854889017532e-10	4.834234922975768771e-10
3.740000000000000000e+02	3.820746447121772502e-10	2.814152236140189453e-10	4.827340658103355550e-10
3.750000000000000000e+02	3.704991836340787238e-10	2.768074125835073475e-10	4.641909546846501002e-10
3.760000000000000000e+02	3.681367881381724194e-10	2.697106642616452027e-10	4.665629120146996360e-10
3.770000000000000000e+02	3.582888696041693049e-10	2.603896171131472414e-10	4.561881220951913684e-10
3.780000000000000000e+02	3.531179872100940260e-10	2.569988411316072152e-10	4.492371332885808368e-10
3.790000000000000000e+02	3.439398406139001711e-10	2.509812586646724361e-10	4.368984225631279061e-10
3.800000000000000000e+02	3.405938447331329486e-10	2.473260678250565145e-10	4.338616216412093826e-10
3.810000000000000000e+02	3.292136164347365710e-10	2.392610843375794795e-10	4.191661485318936625e-10
3.820000000000000000e+02	3.215450750399031646e-10	2.352719316322937734e-10	4.078182184475125557e-10
3.830000000000000000e+02	3.140407604146038688e-10	2.283993933458087612e-10	3.996821274833989763e-10
3.840000000000000000e+02	3.089518266741445583e-10	2.248371241682524558e-10	3.930665291800366608e-10
3.850000000000000000e+02	3.037795443668932774e-10	2.218378866218541324e-10	3.857212021119324224e-10
3.860000000000000000e+02	2.956816461924149676e-10	2.141174747280486856e-10	3.772458176567812755e-10
3.870000000000000000e+02	2.878422922231417571e-10	2.076441328315324102e-10	3.680404516147511041e-10
3.880000000000000000e+02	2.836234872663666348e-10	2.059743994126072283e-10	3.612725751201260413e-10
3.890000000000000000e+02	2.812364249868403842e-10	2.044706241763631955e-10	3.580022257973175730e-10
3.900000000000000000e+02	2.762161558286642521e-10	1.953279094021882554e-10	3.571044022551402229e-10
3.910000000000000000e+02	2.686217275338129633e-10	1.938650413430206834e-10	3.433784137246052431e-10
3.920000000000000000e+02	2.606839245389691624e-10	1.882249316786733943e-10	3.331429173992649305e-10
3.930000000000000000e+02	2.569470745429200786e-10	1.884101595879908113e-10	3.254839894978493458e-10
3.940000000000000000e+02	2.516466117104755029e-10	1.813929325497348705e-10	3.219002908712161353e-10
3.950000000000000000e+02	2.460385506553249618e-10	1.771005904873997672e-10	3.149765108232501564e-10
3.960000000000000000e+02	2.424221091388732050e-10	1.728750715339126506e-10	3.119691467438337594e-10
3.970000000000000000e+02	2.397371296408670534e-10	1.703484912307864151e-10	3.091257680509476916e-10
3.980000000000000000e+02	2.328763876695163072e-10	1.647941336159521930e-10	3.009586417230803956e-10
3.990000000000000000e+02	2.290954334145264771e-10	1.618076458250056306e-10	2.963832210040473236e-10
4.000000000000000000e+02	2.248559911051459056e-10	1.597355779060155601e-10	2.899764043042762510e-10
4.010000000000000000e+02	2.216630103654593606e-10	1.569316833408366858e-10	2.863943373900820355e-10
4.020000000000000000e+02	2.191118651146235975e-10	1.552938767957390921e-10	2.829298534335081028e-10
4.030000000000000000e+02	2.124469222648884555e-10	1.499304291999952906e-10	2.749634153297816203e-10
4.040000000000000000e+02	2.082845005905755925e-10	1.479945888110963277e-10	2.685744123700548831e-10
4.050000000000000000e+02	2.043497966453507615e-10	1.417114781734976256e-10	2.669881151172038974e-10
4.060000000000000000e+02	2.014911867218507614e-10	1.415327408619647268e-10	2.614496325817367960e-10
4.070000000000000000e+02	1.951693126038511013e-10	1.373400283301530156e-10	2.529985968775491871e-10
4.080000000000000000e+02	1.917546566422316448e-10	1.350722371636738892e-10	2.484370761207893745e-10
4.090000000000000000e+02	1.857223699956828062e-10	1.308012528493149340e-10	2.406434871420506527e-10
4.100000000000000000e+02	1.829478722149665715e-10	1.302887591287009387e-10	2.356069853012322302e-10
4.110000000000000000e+02	1.793686746389335310e-10	1.275834759240904919e-10	2.311538733537765702e-10
4.120000000000000000e+02	1.773586025770757846e-10	1.263420475025401903e-10	2.283751576516113788e-10
4.130000000000000000e+02	1.741347271375080419e-10	1.239296802105502444e-10	2.243397740644658393e-10
4.140000000000000000e+02	1.690919385818437819e-10	1.190076173953365228e-10	2.191762597683510411e-10
4.150000000000000000e+02	1.673883371424567796e-10	1.181516183289282064e-10	2.166250559559853528e-10
4.160000000000000000e+02	1.636921741139482204e-10	1.149565772146999023e-10	2.124277710131965255e-10
4.170000000000000000e+02	1.615905737567805331e-10	1.126915631975938850e-10	2.104895843159671812e-10
4.180000000000000000e+02	1.576669987358382586e-10	1.093826466553175587e-10	2.059513508163589585e-10
4.190000000000000000e+02	1.556841787540387376e-10	1.080314197863943649e-10	2.033369377216831104e-10
4.200000000000000000e+02	1.509130461444965489e-10	1.052929273368616745e-10	1.965331649521314234e-10
4.210000000000000000e+02	1.495723192569550054e-10	1.041707063061608133e-10	1.949739322077491975e-10
4.220000000000000000e+02	1.468543578844715976e-10	1.024349708049578384e-10	1.912737449639853696e-10
4.230000000000000000e+02	1.435835487364771723e-10	1.011693259651555433e-10	1.859977715077988013e-10
4.240000000000000000e+02	1.406102208920667704e-10	9.784649542973945949e-11	1.833739463543940813e-10
4.250000000000000000e+02	1.383533894731017418e-10	9.621150743053884338e-11	1.804952715156646402e-10
4.260000000000000000e+02	1.365127968879086077e-10	9.427156190772452409e-11	1.787540318680926914e-10
4.270000000000000000e+02	1.326590202992840401e-10	9.261617387272354218e-11	1.727018667258445381e-10
4.280000000000000000e+02	1.310270394541600407e-10	9.140031780285114777e-11	1.706537611054689336e-10
4.290000000000000000e+02	1.286507983924744773e-10	8.928690947459203493e-11	1.680146873103569198e-10
4.300000000000000000e+02	1.273220441870470400e-10	9.001511256362504843e-11	1.646289758104690446e-10
4.310000000000000000e+02	1.231111107942023785e-10	8.613075842370613274e-11	1.600914631646986242e-10
4.320000000000000000e+02	1.206841499316707149e-10	8.474338881882009182e-11	1.566249110445213379e-10
4.330000000000000000e+02	1.193395850524636569e-10	8.325523038037911258e-11	1.554239397245482011e-10
4.340000000000000000e+02	1.172102723087612196e-10	8.311009537446607956e-11	1.513104492430563597e-10
4.350000000000000000e+02	1.155281224271401473e-10	8.089170233590154664e-11	1.501645425183787610e-10
4.360000000000000000e+02	1.130124380549684437e-10	7.892491113816255131e-11	1.470999649717743361e-10
4.370000000000000000e+02	1.112297955554087207e-10	7.712733718002061271e-11	1.453322539307968287e-10
4.380000000000000000e+02	1.090833068703124287e-10	7.504682517612042468e-11	1.431197885645044197e-10
4.390000000000000000e+02	1.068740445978243893e-10	7.368598078825288447e-11	1.400621084073958941e-10
4.400000000000000000e+02	1.046583328178576638e-10	7.257834113300000716e-11	1.367383245027153204e-10
4.410000000000000000e+02	1.022954376741314366e-10	7.148192404412940784e-11	1.331089513041334653e-10
4.420000000000000000e+02	1.007842856076859348e-10	7.095530970323844757e-11	1.306132615121334350e-10
4.430000000000000000e+02	9.978368688174316334e-11	6.843644397146491907e-11	1.311309297920214076e-10
4.440000000000000000e+02	9.857075801048083071e-11	6.661609706942382199e-11	1.305254189515378524e-10
4.450000000000000000e+02	9.716056422791277007e-11	6.609955920968142595e-11	1.282215692461441013e-10
4.460000000000000000e+02	9.473824779257835831e-11	6.460257576548108981e-11	1.248739198196756268e-10
4.470000000000000000e+02	9.255225956127968063e-11	6.422244589077053088e-11	1.208820732317888304e-10
4.480000000000000000e+02	9.056659908101501115e-11	6.293425948062548103e-11	1.181989386814045413e-10
4.490000000000000000e+02	8.900716421315812616e-11	6.221188761352189725e-11	1.158024408127943551e-10
4.500000000000000000e+02	8.795992129837176183e-11	5.992678420777538632e-11	1.159930583889681373e-10
4.510000000000000000e+02	8.674330043524723339e-11	5.828610451783680249e-11	1.152004963526576643e-10
4.520000000000000000e+02	8.540052180997364737e-11	5.709589182389098144e-11	1.137051517960563133e-10
4.530000000000000000e+02	8.384731893721322723e-11	5.593417190961587328e-11	1.117604659648105812e-10
4.540000000000000000e+02	8.152348108832050997e-11	5.595355632138274729e-11	1.070934058552582726e-10
4.550000000000000000e+02	7.997297351254557397e-11	5.546337961455019186e-11	1.044825674105409561e-10
4.560000000000000000e+02	7.850550246572528714e-11	5.222084021040923636e-11	1.047901647210413444e-10
4.570000000000000000e+02	7.834031138887342863e-11	5.193400959998208933e-11	1.047466131777647615e-10
4.580000000000000000e+02	7.759003304044484100e-11	5.017828391338072840e-11	1.050017821675089536e-10
4.590000000000000000e+02	7.546270450434874467e-11	4.909275576820124796e-11	1.018326532404962478e-10
4.600000000000000000e+02	7.289919753461363807e-11	4.991122078545716227e-11	9.588717428377011388e-11
4.610000000000000000e+02	7.269832823356789666e-11	4.991199404066068294e-11	9.548466242647511039e-11
4.620000000000000000e+02	7.167232563375101886e-11	4.830877932011826243e-11	9.503587194738377530e-11
4.630000000000000000e+02	7.117618507172571768e-11	4.559337846489219590e-11	9.675899167855923946e-11
4.640000000000000000e+02	7.047496093253709219e-11	4.460626981708730277e-11	9.634365204798688161e-11
4.650000000000000000e+02	6.894394117254981452e-11	4.424490428908147227e-11	9.364297805601815677e-11
4.660000000000000000e+02	6.767715892289357141e-11	4.438087924272079908e-11	9.097343860306634374e-11
4.670000000000000000e+02	6.581449860210465355e-11	4.429432099283235357e-11	8.733467621137695353e-11
4.680000000000000000e+02	6.540667757240242908e-11	4.285363603892897236e-11	8.795971910587588579e-11
4.690000000000000000e+02	6.515731196922060649e-11	4.102127484333942713e-11	8.929334909510177939e-11
4.700000000000000000e+02	6.382997925360213264e-11	4.053934892607240201e-11	8.712060958113186328e-11
4.710000000000000000e+02	6.301128585568906534e-11	4.015200943431617087e-11	8.587056227706195981e-11
4.720000000000000000e+02	6.110320520500956388e-11	4.075737948961419111e-11	8.144903092040493664e-11
4.730000000000000000e+02	5.971303672357619024e-11	4.103267423568919734e-11	7.839339921146318314e-11
4.740000000000000000e+02	5.890143292339113759e-11	3.948348222173538810e-11	7.831938362504688708e-11
4.750000000000000000e+02	5.879939329060578917e-11	3.779249445377772416e-11	7.980629212743385418e-11
4.760000000000000000e+02	5.917040906772420857e-11	3.679609622935073994e-11	8.154472190609767720e-11
4.770000000000000000e+02	5.793427094443138036e-11	3.776690880527953356e-11	7.810163308358322715e-11
4.780000000000000000e+02	5.615260184757386222e-11	3.709688266477707926e-11	7.520832103037064517e-11
4.790000000000000000e+02	5.569059984888468197e-11	3.684809823563090974e-11	7.453310146213845420e-11
4.800000000000000000e+02	5.561484538944232026e-11	3.602734070847089518e-11	7.520235007041374535e-11
4.810000000000000000e+02	5.565270203755842539e-11	3.622985232278648900e-11	7.507555175233036824e-11
4.820000000000000000e+02	5.396088673963246398e-11	3.449538634287832834e-11	7.342638713638659962e-11
4.830000000000000000e+02	5.310086130590951312e-11	3.399865215682567264e-11	7.220307045499335360e-11
4.840000000000000000e+02	5.298142552289547379e-11	3.540776268818904479e-11	7.055508835760190925e-11
4.850000000000000000e+02	5.274694839243863359e-11	3.427178468143457849e-11	7.122211210344268869e-11
4.860000000000000000e+02	5.253450163619563926e-11	3.314735733702846172e-11	7.192164593536281680e-11
4.870000000000000000e+02	5.239798582470665237e-11	3.170998089377517980e-11	7.308599075563812495e-11
4.880000000000000000e+02	5.179743047199824761e-11	3.211907126506054193e-11	7.147578967893595329e-11
4.890000000000000000e+02	5.086129236461544516e-11	3.299921323137068310e-11	6.872337149786020723e-11
4.900000000000000000e+02	4.875841187473767057e-11	3.314692144867414733e-11	6.436990230080119380e-11
4.910000000000000000e+02	4.969597543861574774e-11	3.253796549519293354e-11	6.685398538203856194e-11
4.920000000000000000e+02	4.957645864768189843e-11	2.981523267331350990e-11	6.933768462205028696e-11
4.930000000000000000e+02	5.089981326208360993e-11	2.993806687305141299e-11	7.186155965111581333e-11
4.940000000000000000e+02	4.993748531728495027e-11	2.984069293456573856e-11	7.003427770000416198e-11
4.950000000000000000e+02	4.943653994908533259e-11	3.163456862859218831e-11	6.723851126957847687e-11
4.960000000000000000e+02	4.802132724017167396e-11	3.264293368127087342e-11	6.339972079907247450e-11
4.970000000000000000e+02	4.774911980168981275e-11	3.216988779717956968e-11	6.332835180620005583e-11
4.980000000000000000e+02	4.801318820337340680e-11	3.076150200683839268e-11	6.526487439990842739e-11
4.990000000000000000e+02	4.909526860772180804e-11	2.949478629991589260e-11	6.869575091552772349e-11
5.000000000000000000e+02	4.930454141383770237e-11	3.098756439104157318e-11	6.762151843663383157e-11
5.010000000000000000e+02	4.730369931447569351e-11	3.174318947869568654e-11	6.286420915025570048e-11
5.020000000000000000e+02	4.818219074416815850e-11	3.223805168017021214e-11	6.412632980816610486e-11
5.030000000000000000e+02	4.924698551582357030e-11	3.097930769952741197e-11	6.751466333211972863e-11
5.040000000000000000e+02	4.904628469402582898e-11	2.815709379664187179e-11	6.993547559140978617e-11
5.050000000000000000e+02	4.885496648577192375e-11	2.927134209158882884e-11	6.843859087995501866e-11
5.060000000000000000e+02	4.802391555867090730e-11	3.172561299506878608e-11	6.432221812227302853e-11
5.070000000000000000e+02	4.945482679679321038e-11	3.376402898601542698e-11	6.514562460757099378e-11
5.080000000000000000e+02	4.990329412859520267e-11	3.277955056451213696e-11	6.702703769267826837e-11
5.090000000000000000e+02	5.207949490329659773e-11	3.242785697829447882e-11	7.173113282829871665e-11
5.100000000000000000e+02	5.734845280822588433e-11	3.311478617153407155e-11	8.158211944491769712e-11
