0.000000000000000000e+00	3.069765957642835996e+00	2.349594044078286537e+00	3.789937871207385456e+00
1.000000000000000000e+00	3.748520891430795476e-01	1.701249973767229862e-01	5.795791809094361646e-01
2.000000000000000000e+00	1.998324276860121040e+00	1.633345122825249796e+00	2.363303430894992285e+00
3.000000000000000000e+00	2.928102894709974646e-01	1.674964140856302908e-01	4.181241648563646107e-01
4.000000000000000000e+00	1.379060760281604070e-01	8.645734245177409683e-02	1.893548096045467033e-01
5.000000000000000000e+00	3.870956712773292174e-02	2.727422591286609091e-02	5.014490834259975605e-02
6.000000000000000000e+00	1.837016254948536584e-02	1.372955921553203895e-02	2.301076588343869272e-02
7.000000000000000000e+00	8.957180289165851336e-03	6.576251996404496210e-03	1.133810858192720733e-02
8.000000000000000000e+00	5.233112654088196633e-03	3.592463007981379613e-03	6.873762300195013220e-03
9.000000000000000000e+00	3.506796579705581673e-03	2.512936821553076773e-03	4.500656337858086574e-03
1.000000000000000000e+01	2.238915528522778236e-03	1.626780370449988807e-03	2.851050686595567665e-03
1.100000000000000000e+01	1.586693522250917339e-03	1.143365163727820717e-03	2.030021880774013961e-03
1.200000000000000000e+01	1.090161765861290483e-03	8.121807321846074516e-04	1.368142799537973514e-03
1.300000000000000000e+01	8.303040239926134762e-04	5.728916603611273941e-04	1.087716387624099558e-03
1.400000000000000000e+01	6.120548815165666699e-04	4.502059922876313659e-04	7.739037707455019739e-04
1.500000000000000000e+01	4.696125652916185848e-04	3.481999759005952435e-04	5.910251546826419261e-04
1.600000000000000000e+01	3.550104761056779986e-04	2.727940577887571008e-04	4.372268944225988965e-04
1.700000000000000000e+01	2.935468192541088863e-04	2.116319873131148298e-04	3.754616511951029429e-04
1.800000000000000000e+01	2.344854951333613560e-04	1.754965078375342064e-04	2.934744824291885055e-04
1.900000000000000000e+01	1.912062717699046478e-04	1.389772428101649401e-04	2.434353007296443554e-04
2.000000000000000000e+01	1.586619904623602314e-04	1.220929068509263521e-04	1.952310740737941107e-04
2.100000000000000000e+01	1.263409964398742294e-04	9.061199744736027925e-05	1.620699954323881931e-04
2.200000000000000000e+01	1.068637070723896758e-04	7.622403012637500781e-05	1.375033840184043438e-04
2.300000000000000000e+01	9.061278729472800608e-05	6.861423755049684192e-05	1.126113370389591702e-04
2.400000000000000000e+01	7.611520099456453743e-05	5.805837054967299591e-05	9.417203143945607896e-05
2.500000000000000000e+01	6.670492807943643934e-05	5.047971415712063624e-05	8.293014200175224243e-05
2.600000000000000000e+01	5.742050509069848268e-05	4.370487141772281192e-05	7.113613876367415345e-05
2.700000000000000000e+01	4.876135995054081207e-05	3.720047729288440409e-05	6.032224260819722006e-05
2.800000000000000000e+01	4.242158564638141252e-05	3.178162040496507190e-05	5.306155088779775314e-05
2.900000000000000000e+01	3.728170430158834087e-05	2.900373250419986080e-05	4.555967609897682095e-05
3.000000000000000000e+01	3.267453833289950412e-05	2.623181537525253579e-05	3.911726129054647583e-05
3.100000000000000000e+01	2.946325061497121161e-05	2.195086328443216170e-05	3.697563794551025814e-05
3.200000000000000000e+01	2.569990713912574453e-05	2.073306051655969575e-05	3.066675376169179670e-05
3.300000000000000000e+01	2.291714175412693465e-05	1.821960400430341369e-05	2.761467950395045561e-05
3.400000000000000000e+01	2.005381662574600799e-05	1.600942890641519100e-05	2.409820434507682497e-05
3.500000000000000000e+01	1.796459787515476556e-05	1.407162267200475710e-05	2.185757307830477232e-05
3.600000000000000000e+01	1.626984086119445457e-05	1.305384681291721751e-05	1.948583490947169164e-05
3.700000000000000000e+01	1.495993898686926871e-05	1.166099775591628238e-05	1.825888021782225504e-05
3.800000000000000000e+01	1.346140454317888028e-05	1.037776000557580924e-05	1.654504908078195132e-05
3.900000000000000000e+01	1.199225437338935809e-05	9.422702279736814391e-06	1.456180646704190179e-05
4.000000000000000000e+01	1.099568348678707916e-05	8.489936743985480275e-06	1.350143022958867804e-05
4.100000000000000000e+01	9.834520860940371210e-06	7.461240761200481450e-06	1.220780096068026097e-05
4.200000000000000000e+01	8.964845104717374488e-06	7.352343114357593816e-06	1.057734709507715431e-05
4.300000000000000000e+01	8.317491888012362229e-06	6.514257684678636719e-06	1.012072609134608858e-05
4.400000000000000000e+01	7.622649630771156069e-06	6.028024295714749553e-06	9.217274965827562585e-06
4.500000000000000000e+01	7.084317343098849593e-06	5.567898469228404909e-06	8.600736216969294277e-06
4.600000000000000000e+01	6.445619386854199248e-06	5.166808026260086040e-06	7.724430747448312456e-06
4.700000000000000000e+01	5.807197545352302128e-06	4.745964576951856872e-06	6.868430513752747383e-06
4.800000000000000000e+01	5.353828977217915180e-06	4.351107856857367022e-06	6.356550097578463338e-06
4.900000000000000000e+01	4.974473540853513303e-06	4.045130705675374443e-06	5.903816376031652163e-06
5.000000000000000000e+01	4.484751994121764329e-06	3.675581641330169431e-06	5.293922346913359650e-06
5.100000000000000000e+01	4.147146858082537438e-06	3.357419937242030387e-06	4.936873778923044488e-06
5.200000000000000000e+01	3.792512921060079913e-06	3.055794535956729440e-06	4.529231306163430387e-06
5.300000000000000000e+01	3.537262816504310502e-06	2.874888983443902174e-06	4.199636649564718406e-06
5.400000000000000000e+01	3.292009776836698600e-06	2.652724690238032794e-06	3.931294863435364405e-06
5.500000000000000000e+01	3.053625654573999042e-06	2.412384542063539348e-06	3.694866767084458737e-06
5.600000000000000000e+01	2.829317536491704573e-06	2.247779585578347166e-06	3.410855487405061980e-06
5.700000000000000000e+01	2.636754656176604833e-06	2.127292565004550658e-06	3.146216747348659007e-06
5.800000000000000000e+01	2.504425986694499397e-06	2.044956124911636558e-06	2.963895848477362237e-06
5.900000000000000000e+01	2.302097670947799553e-06	1.846515364451502718e-06	2.757679977444096387e-06
6.000000000000000000e+01	2.198815373836706546e-06	1.784099726369505901e-06	2.613531021303907191e-06
6.100000000000000000e+01	1.995146355513798626e-06	1.645547345780995789e-06	2.344745365246601675e-06
6.200000000000000000e+01	1.844456625896730885e-06	1.511214357670446397e-06	2.177698894123015372e-06
6.300000000000000000e+01	1.770381337334855610e-06	1.441573766592140630e-06	2.099188908077570591e-06
6.400000000000000000e+01	1.698732730791797368e-06	1.369689731217496364e-06	2.027775730366098372e-06
6.500000000000000000e+01	1.562812798398754036e-06	1.230594986641469848e-06	1.895030610156038224e-06
6.600000000000000000e+01	1.426314661241659279e-06	1.173001941878837746e-06	1.679627380604480812e-06
6.700000000000000000e+01	1.363785348263515733e-06	1.106076794092646749e-06	1.621493902434384716e-06
6.800000000000000000e+01	1.274876634482938386e-06	1.026237421734815612e-06	1.523515847231061161e-06
6.900000000000000000e+01	1.184457513472023282e-06	9.614575457505170068e-07	1.407457481193529558e-06
7.000000000000000000e+01	1.116022595881616985e-06	9.066949453831563258e-07	1.325350246380077645e-06
7.100000000000000000e+01	1.056391640076736439e-06	8.649410888634027498e-07	1.247842191290070022e-06
7.200000000000000000e+01	1.002460983678794374e-06	7.993764680766417655e-07	1.205545499280946982e-06
7.300000000000000000e+01	9.360142531004933100e-07	7.292877418572607101e-07	1.142740764343725910e-06
7.400000000000000000e+01	8.837101169937978834e-07	7.195072952921247725e-07	1.047912938695471100e-06
7.500000000000000000e+01	8.260004666041926324e-07	6.636425255063996861e-07	9.883584077019856845e-07
7.600000000000000000e+01	7.900550468332301724e-07	6.500587085312258820e-07	9.300513851352344628e-07
7.700000000000000000e+01	7.414375145086976361e-07	6.092767331612407894e-07	8.735982958561544829e-07
7.800000000000000000e+01	7.027428381166194196e-07	5.666013191657035979e-07	8.388843570675352413e-07
7.900000000000000000e+01	6.565849158208362386e-07	5.371424449500692402e-07	7.760273866916032370e-07
8.000000000000000000e+01	6.315799528389320626e-07	5.089862322653626609e-07	7.541736734125014643e-07
8.100000000000000000e+01	5.965640337755339513e-07	4.791033737839787048e-07	7.140246937670891978e-07
8.200000000000000000e+01	5.504763047462730607e-07	4.526017733383062188e-07	6.483508361542399027e-07
8.300000000000000000e+01	5.342496223268609234e-07	4.391031183254820871e-07	6.293961263282397597e-07
8.400000000000000000e+01	5.033881957681940588e-07	4.103021568955689943e-07	5.964742346408191233e-07
8.500000000000000000e+01	4.768866478005053123e-07	3.847151198778791831e-07	5.690581757231313885e-07
8.600000000000000000e+01	4.574189283407102728e-07	3.729384223453565047e-07	5.418994343360640409e-07
8.700000000000000000e+01	4.365058905754607403e-07	3.552610279071890015e-07	5.177507532437324790e-07
8.800000000000000000e+01	4.151360240648113879e-07	3.340723957276762960e-07	4.961996524019464797e-07
8.900000000000000000e+01	3.998469129890243016e-07	3.171936224052795961e-07	4.825002035727690072e-07
9.000000000000000000e+01	3.772298327401251302e-07	2.932417242102824450e-07	4.612179412699678155e-07
9.100000000000000000e+01	3.668064450750965204e-07	2.924223368151626684e-07	4.411905533350303724e-07
9.200000000000000000e+01	3.479602793095229449e-07	2.715863874588365647e-07	4.243341711602093251e-07
9.300000000000000000e+01	3.301331679906107551e-07	2.635275913814711620e-07	3.967387445997503481e-07
9.400000000000000000e+01	3.091208251533369777e-07	2.464127766568644742e-07	3.718288736498094812e-07
9.500000000000000000e+01	2.982122260478552933e-07	2.381750820304779725e-07	3.582493700652326140e-07
9.600000000000000000e+01	2.841443815084643083e-07	2.253317592629313038e-07	3.429570037539973127e-07
9.700000000000000000e+01	2.714559632666822788e-07	2.164177089681685309e-07	3.264942175651960267e-07
9.800000000000000000e+01	2.563755951618141357e-07	2.058020940984789380e-07	3.069490962251493334e-07
9.900000000000000000e+01	2.473492945231449468e-07	1.976291907740937524e-07	2.970693982721961412e-07
1.000000000000000000e+02	2.352181004783382735e-07	1.899005774918638021e-07	2.805356234648127184e-07
1.010000000000000000e+02	2.272422449033379827e-07	1.821054041115469979e-07	2.723790856951289940e-07
1.020000000000000000e+02	2.158890960639596292e-07	1.741879243062566073e-07	2.575902678216626510e-07
1.030000000000000000e+02	2.039673059090047998e-07	1.642921398424895429e-07	2.436424719755200567e-07
1.040000000000000000e+02	1.928756926490363295e-07	1.538928577869848206e-07	2.318585275110878384e-07
1.050000000000000000e+02	1.891213708957111717e-07	1.461474250977742818e-07	2.320953166936480617e-07
1.060000000000000000e+02	1.779870586819809173e-07	1.412133420113785957e-07	2.147607753525832389e-07
1.070000000000000000e+02	1.735857475488697915e-07	1.369043613305202024e-07	2.102671337672193806e-07
1.080000000000000000e+02	1.651535761647947547e-07	1.312137909555344586e-07	1.990933613740550508e-07
1.090000000000000000e+02	1.586433595286666988e-07	1.271801555362480202e-07	1.901065635210853775e-07
1.100000000000000000e+02	1.519114102323183945e-07	1.172233776718773678e-07	1.865994427927594211e-07
1.110000000000000000e+02	1.442256786455176752e-07	1.142875166408882115e-07	1.741638406501471521e-07
1.120000000000000000e+02	1.396744101443517673e-07	1.082835683294363653e-07	1.710652519592671826e-07
1.130000000000000000e+02	1.354528965717312072e-07	1.060823850468949239e-07	1.648234080965674906e-07
1.140000000000000000e+02	1.286168026117127049e-07	1.004994952843601979e-07	1.567341099390652251e-07
1.150000000000000000e+02	1.223042403151940671e-07	9.769168583835751113e-08	1.469167947920306098e-07
1.160000000000000000e+02	1.185381222089552509e-07	9.402763453156855821e-08	1.430486098863419303e-07
1.170000000000000000e+02	1.139675285753224201e-07	8.909483444131322952e-08	1.388402227093316240e-07
1.180000000000000000e+02	1.109960005320871154e-07	8.559007114701522741e-08	1.364019299171590034e-07
1.190000000000000000e+02	1.062932591653370171e-07	8.187404273236910716e-08	1.307124755983049139e-07
1.200000000000000000e+02	1.025439427349908796e-07	7.828186218385227460e-08	1.268060232861294846e-07
1.210000000000000000e+02	9.734012690488088098e-08	7.607024344120649230e-08	1.186100103685552697e-07
1.220000000000000000e+02	9.455185520672872921e-08	7.449630008862199721e-08	1.146074103248354612e-07
1.230000000000000000e+02	9.010408489236101315e-08	7.057336580721760101e-08	1.096348039775044253e-07
1.240000000000000000e+02	8.594979008059409099e-08	6.812608403502031020e-08	1.037734961261678718e-07
1.250000000000000000e+02	8.226500955846721400e-08	6.415643072246861983e-08	1.003735883944658082e-07
1.260000000000000000e+02	8.010248731763635394e-08	6.149397876334997738e-08	9.871099587192273050e-08
1.270000000000000000e+02	7.585823285369983561e-08	5.909831368986507205e-08	9.261815201753459917e-08
1.280000000000000000e+02	7.355802348989581860e-08	5.622550352363477578e-08	9.089054345615686142e-08
1.290000000000000000e+02	7.030900115226497338e-08	5.463777921612972917e-08	8.598022308840021758e-08
1.300000000000000000e+02	6.761932967493876910e-08	5.210176935894111175e-08	8.313688999093642645e-08
1.310000000000000000e+02	6.519583272059161071e-08	5.077861301876971410e-08	7.961305242241350732e-08
1.320000000000000000e+02	6.240839999705335155e-08	4.869669303117337405e-08	7.612010696293333568e-08
1.330000000000000000e+02	6.079284245392775205e-08	4.686796099170813376e-08	7.471772391614737696e-08
1.340000000000000000e+02	5.746725245482207875e-08	4.500055615808259721e-08	6.993394875156156690e-08
1.350000000000000000e+02	5.659359921932039969e-08	4.415241212088312540e-08	6.903478631775767398e-08
1.360000000000000000e+02	5.453840271639865320e-08	4.258701825067021099e-08	6.648978718212709541e-08
1.370000000000000000e+02	5.214785815734867763e-08	4.111220585421783174e-08	6.318351046047952353e-08
1.380000000000000000e+02	5.066167410654574253e-08	4.004163812085199994e-08	6.128171009223949174e-08
1.390000000000000000e+02	4.871407743161567368e-08	3.837383225621092567e-08	5.905432260702042168e-08
1.400000000000000000e+02	4.760101823083624741e-08	3.654458422494340354e-08	5.865745223672909127e-08
1.410000000000000000e+02	4.469776911154513696e-08	3.499646420100603385e-08	5.439907402208424008e-08
1.420000000000000000e+02	4.414089756908625388e-08	3.401791884149727686e-08	5.426387629667523090e-08
1.430000000000000000e+02	4.245328776438249498e-08	3.283011399613425423e-08	5.207646153263073574e-08
1.440000000000000000e+02	4.095415858475996972e-08	3.209643912700118460e-08	4.981187804251875483e-08
1.450000000000000000e+02	3.849304469308753485e-08	3.071065880609841217e-08	4.627543058007665754e-08
1.460000000000000000e+02	3.798802323870217601e-08	2.938188927362300105e-08	4.659415720378135096e-08
1.470000000000000000e+02	3.666458297344140817e-08	2.930812699994500993e-08	4.402103894693780311e-08
1.480000000000000000e+02	3.533721359889130267e-08	2.763493022863076236e-08	4.303949696915184297e-08
1.490000000000000000e+02	3.385506737905244447e-08	2.693156724351040852e-08	4.077856751459448043e-08
1.500000000000000000e+02	3.291784411742816177e-08	2.563494405625782693e-08	4.020074417859849330e-08
1.510000000000000000e+02	3.206762802528250433e-08	2.474525930799542109e-08	3.938999674256958756e-08
1.520000000000000000e+02	3.122120718635666031e-08	2.456205415663215058e-08	3.788036021608117004e-08
1.530000000000000000e+02	2.988255488192739637e-08	2.259877876545101669e-08	3.716633099840377936e-08
1.540000000000000000e+02	2.891441100945626129e-08	2.254033404611801172e-08	3.528848797279451417e-08
1.550000000000000000e+02	2.811689659997034363e-08	2.153136556587654991e-08	3.470242763406413735e-08
1.560000000000000000e+02	2.690794785019365545e-08	2.081744514578171886e-08	3.299845055460559534e-08
1.570000000000000000e+02	2.596582811135645081e-08	1.997554140753614054e-08	3.195611481517676108e-08
1.580000000000000000e+02	2.513964095873403067e-08	1.962347388817350127e-08	3.065580802929456006e-08
1.590000000000000000e+02	2.449657540165199671e-08	1.898643801434346012e-08	3.000671278896053330e-08
1.600000000000000000e+02	2.382683995925777231e-08	1.831760085525912662e-08	2.933607906325641800e-08
1.610000000000000000e+02	2.262313154949948780e-08	1.761138518750992517e-08	2.763487791148905043e-08
1.620000000000000000e+02	2.251686986110743893e-08	1.704829507153959830e-08	2.798544465067527956e-08
1.630000000000000000e+02	2.122854963401812668e-08	1.640102044817036234e-08	2.605607881986589103e-08
1.640000000000000000e+02	2.097029307521685586e-08	1.595538080576638380e-08	2.598520534466732792e-08
1.650000000000000000e+02	2.009736362000266783e-08	1.554418727615347340e-08	2.465053996385186225e-08
1.660000000000000000e+02	1.952124318495400950e-08	1.478071980171642143e-08	2.426176656819159757e-08
1.670000000000000000e+02	1.895549919515562367e-08	1.464306530950474212e-08	2.326793308080650521e-08
1.680000000000000000e+02	1.838835436540007004e-08	1.386511852216509047e-08	2.291159020863504961e-08
1.690000000000000000e+02	1.805801105937825583e-08	1.395219528427656629e-08	2.216382683447994538e-08
1.700000000000000000e+02	1.714425441400330706e-08	1.312923009224359377e-08	2.115927873576302036e-08
1.710000000000000000e+02	1.694439670783927184e-08	1.288321102014808623e-08	2.100558239553045746e-08
1.720000000000000000e+02	1.614308750697575717e-08	1.222869562623869720e-08	2.005747938771281714e-08
1.730000000000000000e+02	1.557190709835204172e-08	1.195459159546293157e-08	1.918922260124115022e-08
1.740000000000000000e+02	1.519923301207014089e-08	1.157006511177065069e-08	1.882840091236963108e-08
1.750000000000000000e+02	1.458109013553726625e-08	1.114900500473893200e-08	1.801317526633560049e-08
1.760000000000000000e+02	1.412747211037395792e-08	1.075185704261126131e-08	1.750308717813665288e-08
1.770000000000000000e+02	1.391416052747522385e-08	1.071798235856931049e-08	1.711033869638113722e-08
1.780000000000000000e+02	1.327416169641396248e-08	1.026837663091215041e-08	1.627994676191577455e-08
1.790000000000000000e+02	1.298599816115111250e-08	9.944278625958485080e-09	1.602771769634373993e-08
1.800000000000000000e+02	1.264066866166984912e-08	9.594620553722162077e-09	1.568671676961753616e-08
1.810000000000000000e+02	1.213808579193438365e-08	9.205233389598855940e-09	1.507093819426991136e-08
1.820000000000000000e+02	1.182003124103519701e-08	9.224312472882446096e-09	1.441575000918794792e-08
1.830000000000000000e+02	1.144049650574316593e-08	8.695737793813873253e-09	1.418525521767245860e-08
1.840000000000000000e+02	1.114751055956133301e-08	8.310689936804300730e-09	1.398433118231836528e-08
1.850000000000000000e+02	1.075991345333391815e-08	8.369026972854368212e-09	1.315079993381346808e-08
1.860000000000000000e+02	1.059945010240240616e-08	8.000028830214659252e-09	1.319887137459015306e-08
1.870000000000000000e+02	1.017999730066338393e-08	7.695966845034234685e-09	1.266402775629253317e-08
1.880000000000000000e+02	1.018420029763930733e-08	7.673226559369462100e-09	1.269517403590915255e-08
1.890000000000000000e+02	9.665424199206567116e-09	7.296010343505308314e-09	1.203483805490782509e-08
1.900000000000000000e+02	9.471118725213008388e-09	7.185781079596991638e-09	1.175645637082902514e-08
1.910000000000000000e+02	9.095090039860972077e-09	6.923772567489348477e-09	1.126640751223259568e-08
1.920000000000000000e+02	8.857380392263841293e-09	6.652088998714059253e-09	1.106267178581362333e-08
1.930000000000000000e+02	8.673749736778071375e-09	6.531218513996022576e-09	1.081628095956012017e-08
1.940000000000000000e+02	8.373109848260794242e-09	6.335553811653356532e-09	1.041066588486823195e-08
1.950000000000000000e+02	8.289551552313644292e-09	6.143694653780429372e-09	1.043540845084686004e-08
1.960000000000000000e+02	7.912624479941689579e-09	5.928866961356605283e-09	9.896381998526773875e-09
1.970000000000000000e+02	7.736572525204641042e-09	5.805021103378337782e-09	9.668123947030944301e-09
1.980000000000000000e+02	7.427717137421135966e-09	5.584749558361142081e-09	9.270684716481129851e-09
1.990000000000000000e+02	7.245927796722610470e-09	5.468063664313336617e-09	9.023791929131885150e-09
2.000000000000000000e+02	6.970096240779230557e-09	5.246035366437075501e-09	8.694157115121386441e-09
2.010000000000000000e+02	6.694024536978178496e-09	5.015183356560610434e-09	8.372865717395747385e-09
2.020000000000000000e+02	6.606158672724277508e-09	4.975174136242977227e-09	8.237143209205577789e-09
2.030000000000000000e+02	6.308594327658621108e-09	4.788736681446387180e-09	7.828451973870854208e-09
2.040000000000000000e+02	6.261438373015381269e-09	4.710277388110327137e-09	7.812599357920435401e-09
2.050000000000000000e+02	5.999261306386600528e-09	4.536677789747047725e-09	7.461844823026153331e-09
2.060000000000000000e+02	5.890739070063719027e-09	4.470335087497889426e-09	7.311143052629548629e-09
2.070000000000000000e+02	5.742201042430876987e-09	4.319306128355949555e-09	7.165095956505804419e-09
2.080000000000000000e+02	5.512290269981723817e-09	4.134641415646954397e-09	6.889939124316493237e-09
2.090000000000000000e+02	5.423969346491617280e-09	4.043090266955716963e-09	6.804848426027517597e-09
2.100000000000000000e+02	5.201584431776530247e-09	3.879971295905546744e-09	6.523197567647513749e-09
2.110000000000000000e+02	5.113612613700444510e-09	3.872894632395962559e-09	6.354330595004926461e-09
2.120000000000000000e+02	4.947076865970314948e-09	3.727704265631047130e-09	6.166449466309582767e-09
2.130000000000000000e+02	4.835744444873773006e-09	3.530351140432942637e-09	6.141137749314603375e-09
2.140000000000000000e+02	4.668237152589477661e-09	3.514612164107097978e-09	5.821862141071857344e-09
2.150000000000000000e+02	4.529206097565969674e-09	3.332709419198747430e-09	5.725702775933192331e-09
2.160000000000000000e+02	4.394510462053321124e-09	3.294932779432785185e-09	5.494088144673857063e-09
2.170000000000000000e+02	4.245110654174502449e-09	3.129539395745986449e-09	5.360681912603018449e-09
2.180000000000000000e+02	4.124681256563759900e-09	3.011183593699165352e-09	5.238178919428354449e-09
2.190000000000000000e+02	4.051345616380662962e-09	2.997561069624758766e-09	5.105130163136567159e-09
2.200000000000000000e+02	3.903850791470915231e-09	2.891701264061022621e-09	4.916000318880807840e-09
2.210000000000000000e+02	3.837602939110705082e-09	2.769413926992940998e-09	4.905791951228469165e-09
2.220000000000000000e+02	3.683347790644221477e-09	2.683212284288220209e-09	4.683483297000222746e-09
2.230000000000000000e+02	3.645742464310963498e-09	2.653107871971312409e-09	4.638377056650615002e-09
2.240000000000000000e+02	3.481193160775617963e-09	2.505043390236011452e-09	4.457342931315224886e-09
2.250000000000000000e+02	3.446310697384845000e-09	2.520504063396168287e-09	4.372117331373521714e-09
2.260000000000000000e+02	3.319508667210654658e-09	2.386697427092054794e-09	4.252319907329254521e-09
2.270000000000000000e+02	3.239879696943776180e-09	2.306581565538995802e-09	4.173177828348556559e-09
2.280000000000000000e+02	3.161354582194248547e-09	2.314242415981741138e-09	4.008466748406755957e-09
2.290000000000000000e+02	3.051602376528990030e-09	2.167638119038081254e-09	3.935566634019899221e-09
2.300000000000000000e+02	3.004560188327392858e-09	2.142301602982095326e-09	3.866818773672689977e-09
2.310000000000000000e+02	2.919143756725286783e-09	2.079529456949025196e-09	3.758758056501548370e-09
2.320000000000000000e+02	2.850332493222634194e-09	1.995822676531378354e-09	3.704842309913890034e-09
2.330000000000000000e+02	2.758187349491545672e-09	1.944791604105052075e-09	3.571583094878039270e-09
2.340000000000000000e+02	2.725692865073930267e-09	1.876252210776406747e-09	3.575133519371453788e-09
2.350000000000000000e+02	2.647753916195757662e-09	1.870417398012372501e-09	3.425090434379142822e-09
2.360000000000000000e+02	2.589288913921476510e-09	1.831159306637638340e-09	3.347418521205314680e-09
2.370000000000000000e+02	2.534461692469715879e-09	1.736159405736730756e-09	3.332763979202700795e-09
2.380000000000000000e+02	2.460365495471547693e-09	1.704044622294772877e-09	3.216686368648322509e-09
2.390000000000000000e+02	2.392392852660113925e-09	1.638489407551013358e-09	3.146296297769214492e-09
2.400000000000000000e+02	2.347339985520585827e-09	1.627578958793912141e-09	3.067101012247259512e-09
2.410000000000000000e+02	2.290923304423349155e-09	1.556498740759836451e-09	3.025347868086861860e-09
2.420000000000000000e+02	2.245184051170013418e-09	1.537338662607398417e-09	2.953029439732628419e-09
2.430000000000000000e+02	2.192134754202945868e-09	1.467047018287238352e-09	2.917222490118653383e-09
2.440000000000000000e+02	2.098289981557149422e-09	1.444133545229930391e-09	2.752446417884368247e-09
2.450000000000000000e+02	2.070543451437782211e-09	1.419470027991467736e-09	2.721616874884096479e-09
2.460000000000000000e+02	2.021916855288272168e-09	1.347083918918830224e-09	2.696749791657714113e-09
2.470000000000000000e+02	1.998022936154058855e-09	1.357456769394716241e-09	2.638589102913401469e-09
2.480000000000000000e+02	1.929973416880810725e-09	1.320643541483508882e-09	2.539303292278112569e-09
2.490000000000000000e+02	1.888261617890178686e-09	1.293198287507710267e-09	2.483324948272647105e-09
2.500000000000000000e+02	1.840557737202127302e-09	1.248385285715355983e-09	2.432730188688898414e-09
2.510000000000000000e+02	1.786335970311332475e-09	1.173249590723105048e-09	2.399422349899559901e-09
2.520000000000000000e+02	1.748758957032054235e-09	1.229288432240545080e-09	2.268229481823563391e-09
2.530000000000000000e+02	1.707839802505656951e-09	1.157047488307846585e-09	2.258632116703467317e-09
2.540000000000000000e+02	1.655968664187488369e-09	1.155423198969059278e-09	2.156514129405917255e-09
2.550000000000000000e+02	1.627421790504299617e-09	1.096070270323887412e-09	2.158773310684712030e-09
2.560000000000000000e+02	1.578617169658065953e-09	1.124260114832385082e-09	2.032974224483747030e-09
2.570000000000000000e+02	1.550520292764015525e-09	1.063694971256320143e-09	2.037345614271710700e-09
2.580000000000000000e+02	1.503469124510570167e-09	1.055784537849376117e-09	1.951153711171764216e-09
2.590000000000000000e+02	1.464229586613015565e-09	9.890187755948886357e-10	1.939440397631142287e-09
2.600000000000000000e+02	1.430346614192691620e-09	1.010368533382714959e-09	1.850324695002668282e-09
2.610000000000000000e+02	1.389280750417840790e-09	9.440267822981947976e-10	1.834534718537486782e-09
2.620000000000000000e+02	1.361170000069433711e-09	9.506156747848276143e-10	1.771724325354039808e-09
2.630000000000000000e+02	1.339466341220451392e-09	8.976261676858185451e-10	1.781306514755084238e-09
2.640000000000000000e+02	1.299694928469672157e-09	8.985166430787058963e-10	1.700873213860638417e-09
2.650000000000000000e+02	1.263487506575168709e-09	8.729285870677652166e-10	1.654046426082572201e-09
2.660000000000000000e+02	1.240968684312963368e-09	8.471719665804057439e-10	1.634765402045520992e-09
2.670000000000000000e+02	1.218927688876007851e-09	8.149996099733800849e-10	1.622855767778635720e-09
2.680000000000000000e+02	1.177816455304137974e-09	7.983419551675823237e-10	1.557290955440693624e-09
2.690000000000000000e+02	1.147541273185476283e-09	7.873699010687685441e-10	1.507712645302184022e-09
2.700000000000000000e+02	1.119930948179001970e-09	7.537034379015546759e-10	1.486158458456449265e-09
2.710000000000000000e+02	1.109039705752933870e-09	7.550243863896887990e-10	1.463055025116178942e-09
2.720000000000000000e+02	1.077156120541038277e-09	7.218956076820529246e-10	1.432416633400023734e-09
2.730000000000000000e+02	1.052358396203236005e-09	7.162987029958453095e-10	1.388418089410626803e-09
2.740000000000000000e+02	1.027834425937175699e-09	6.955363126437959633e-10	1.360132539230555436e-09
2.750000000000000000e+02	1.003708153552993921e-09	6.685526221719329113e-10	1.338863684934054931e-09
2.760000000000000000e+02	9.860290399029361660e-10	6.643944227453793253e-10	1.307663657060493110e-09
2.770000000000000000e+02	9.527354550867698802e-10	6.436679199283913363e-10	1.261802990245148424e-09
2.780000000000000000e+02	9.424967206615468673e-10	6.336915146161984711e-10	1.251301926706895264e-09
2.790000000000000000e+02	9.128573527539922519e-10	6.080789989590752191e-10	1.217635706548909285e-09
2.800000000000000000e+02	8.977102672901226657e-10	5.895452079523178671e-10	1.205875326627927568e-09
2.810000000000000000e+02	8.669206180042861637e-10	5.785440124793058920e-10	1.155297223529266539e-09
2.820000000000000000e+02	8.433046348855060463e-10	5.622938697589364107e-10	1.124315400012075682e-09
2.830000000000000000e+02	8.270569442199392905e-10	5.451466220747416112e-10	1.108967266365136970e-09
2.840000000000000000e+02	8.184541930212538746e-10	5.310180176000558717e-10	1.105890368442451981e-09
2.850000000000000000e+02	7.883663685832957254e-10	5.199016788203236813e-10	1.056831058346267769e-09
2.860000000000000000e+02	7.732341487103700102e-10	5.150316706463006390e-10	1.031436626774439381e-09
2.870000000000000000e+02	7.562054230693470158e-10	4.926828834917020462e-10	1.019727962646991985e-09
2.880000000000000000e+02	7.424643986091231950e-10	4.778135035206718756e-10	1.007115293697574514e-09
2.890000000000000000e+02	7.273293147651334995e-10	4.730777179333852557e-10	9.815809115968816399e-10
2.900000000000000000e+02	7.067985484799026295e-10	4.611348181070862503e-10	9.524622788527189571e-10
2.910000000000000000e+02	6.915966288224894259e-10	4.455948799761051647e-10	9.375983776688736871e-10
2.920000000000000000e+02	6.791116087903246422e-10	4.280791267118883430e-10	9.301440908687609931e-10
2.930000000000000000e+02	6.628025523525505821e-10	4.289523305690227554e-10	8.966527741360783572e-10
2.940000000000000000e+02	6.432070775901070111e-10	4.180670993560623725e-10	8.683470558241517015e-10
2.950000000000000000e+02	6.370240626140524807e-10	4.120318175996204665e-10	8.620163076284845466e-10
2.960000000000000000e+02	6.204518348571220943e-10	3.913418956498323440e-10	8.495617740644118446e-10
2.970000000000000000e+02	6.057439114657701091e-10	3.870415434268164146e-10	8.244462795047238036e-10
2.980000000000000000e+02	5.886273374705027831e-10	3.797304416354550676e-10	7.975242333055504985e-10
2.990000000000000000e+02	5.754560054669673246e-10	3.728821558766914492e-10	7.780298550572431999e-10
3.000000000000000000e+02	5.644387856586432166e-10	3.527183930195932148e-10	7.761591782976932183e-10
3.010000000000000000e+02	5.474651696595871195e-10	3.491300572245006838e-10	7.458002820946735551e-10
3.020000000000000000e+02	5.382027255689104262e-10	3.443273078395171499e-10	7.320781432983037026e-10
3.030000000000000000e+02	5.224129635185260704e-10	3.367927513721615074e-10	7.080331756648906334e-10
3.040000000000000000e+02	5.217346742964265971e-10	3.194741910503081737e-10	7.239951575425449689e-10
3.050000000000000000e+02	4.982684764613263318e-10	3.160391614464964835e-10	6.804977914761561801e-10
3.060000000000000000e+02	4.889993652292667874e-10	3.102864906256999383e-10	6.677122398328336365e-10
3.070000000000000000e+02	4.757342583443178952e-10	2.972454249317191581e-10	6.542230917569166839e-10
3.080000000000000000e+02	4.656164387111045438e-10	2.845501930406513426e-10	6.466826843815577450e-10
3.090000000000000000e+02	4.563431427650593119e-10	2.826804293021373432e-10	6.300058562279812807e-10
3.100000000000000000e+02	4.428205047820318627e-10	2.788509985082349093e-10	6.067900110558288161e-10
3.110000000000000000e+02	4.342362654961332123e-10	2.698080745633324180e-10	5.986644564289340066e-10
3.120000000000000000e+02	4.263463081434460893e-10	2.562332521658500683e-10	5.964593641210421103e-10
3.130000000000000000e+02	4.198939606121107018e-10	2.576895810209554847e-10	5.820983402032659190e-10
3.140000000000000000e+02	4.055388718164706435e-10	2.570823984834190911e-10	5.539953451495221960e-10
3.150000000000000000e+02	3.996441633202303418e-10	2.484919219921992191e-10	5.507964046482615162e-10
3.160000000000000000e+02	3.912282761981271429e-10	2.339646875763874741e-10	5.484918648198668117e-10
3.170000000000000000e+02	3.825404730080469290e-10	2.376421223405498865e-10	5.274388236755439716e-10
3.180000000000000000e+02	3.738951669979459857e-10	2.317506492144824084e-10	5.160396847814096147e-10
3.190000000000000000e+02	3.683178822622047573e-10	2.321687396533467331e-10	5.044670248710628074e-10
3.200000000000000000e+02	3.615213729114133445e-10	2.165494175994459871e-10	5.064933282233806760e-10
3.210000000000000000e+02	3.487626389861891059e-10	2.091321989240061049e-10	4.883930790483721069e-10
3.220000000000000000e+02	3.463523378729103071e-10	2.166641435050402915e-10	4.760405322407802968e-10
3.230000000000000000e+02	3.314608394753241247e-10	2.050940423678805447e-10	4.578276365827676790e-10
3.240000000000000000e+02	3.344386140909178238e-10	2.021886360961738757e-10	4.666885920856617719e-10
3.250000000000000000e+02	3.206198142541712856e-10	1.936229785127437220e-10	4.476166499955988493e-10
3.260000000000000000e+02	3.164539948649118828e-10	1.984638409119952913e-10	4.344441488178285002e-10
3.270000000000000000e+02	3.102382333353809099e-10	1.928246708029687328e-10	4.276517958677931128e-10
3.280000000000000000e+02	3.051933499899546572e-10	1.835807154787468644e-10	4.268059845011624241e-10
3.290000000000000000e+02	2.963447691910769519e-10	1.791112125291756049e-10	4.135783258529783248e-10
3.300000000000000000e+02	2.891148865687445094e-10	1.795999132752113654e-10	3.986298598622776277e-10
3.310000000000000000e+02	2.810223118950787756e-10	1.724768653852291280e-10	3.895677584049284232e-10
3.320000000000000000e+02	2.779966771061798865e-10	1.670749767406811997e-10	3.889183774716785734e-10
3.330000000000000000e+02	2.721635148380764097e-10	1.603278660634330428e-10	3.839991636127198024e-10
3.340000000000000000e+02	2.625538440086510780e-10	1.629366112781521441e-10	3.621710767391500119e-10
3.350000000000000000e+02	2.596789448380016210e-10	1.585930744138581278e-10	3.607648152621451142e-10
3.360000000000000000e+02	2.555573631857029300e-10	1.520194400039283796e-10	3.590952863674774804e-10
3.370000000000000000e+02	2.492944971143070847e-10	1.485279035609487981e-10	3.500610906676653712e-10
3.380000000000000000e+02	2.460396472733238107e-10	1.515539099792137828e-10	3.405253845674338385e-10
3.390000000000000000e+02	2.388421008496121189e-10	1.457332147920069585e-10	3.319509869072172793e-10
3.400000000000000000e+02	2.362212374003201542e-10	1.429345572449477262e-10	3.295079175556925822e-10
3.410000000000000000e+02	2.305980679741193087e-10	1.362860615260356324e-10	3.249100744222029591e-10
3.420000000000000000e+02	2.229898181506852259e-10	1.356858507545619555e-10	3.102937855468084963e-10
3.430000000000000000e+02	2.187809519071932044e-10	1.332187747888352171e-10	3.043431290255511916e-10
3.440000000000000000e+02	2.152899037457841689e-10	1.285324585295081450e-10	3.020473489620601669e-10
3.450000000000000000e+02	2.113015709489620180e-10	1.237291091020510476e-10	2.988740327958729884e-10
3.460000000000000000e+02	2.065423145692309783e-10	1.237434821626638890e-10	2.893411469757980677e-10
3.470000000000000000e+02	2.001384492308243326e-10	1.227344161429267436e-10	2.775424823187219216e-10
3.480000000000000000e+02	1.977532852817186577e-10	1.178965822166821385e-10	2.776099883467551510e-10
3.490000000000000000e+02	1.934342195577604007e-10	1.148899141291592175e-10	2.719785249863615711e-10
3.500000000000000000e+02	1.885103208684429996e-10	1.116231709379884406e-10	2.653974707988975844e-10
3.510000000000000000e+02	1.844531854483054128e-10	1.121792674284879494e-10	2.567271034681228504e-10
3.520000000000000000e+02	1.801449218149150249e-10	1.075679653989333166e-10	2.527218782308967591e-10
3.530000000000000000e+02	1.791399347329845563e-10	1.067035335840310600e-10	2.515763358819380396e-10
3.540000000000000000e+02	1.717529374799165531e-10	1.015923624381761964e-10	2.419135125216569098e-10
3.550000000000000000e+02	1.690231499169743285e-10	1.025232860608659225e-10	2.355230137730827216e-10
3.560000000000000000e+02	1.649508753251480558e-10	9.851135585674266909e-11	2.313903947935534425e-10
3.570000000000000000e+02	1.627331982262036160e-10	9.472764986406611996e-11	2.307387465883411119e-10
3.580000000000000000e+02	1.574946134641521195e-10	9.425471594956694607e-11	2.207345109787372929e-10
3.590000000000000000e+02	1.549373010852102494e-10	9.319161404483735546e-11	2.166829881255831433e-10
3.600000000000000000e+02	1.524416469730285288e-10	9.269500061006960875e-11	2.121882933359874618e-10
3.610000000000000000e+02	1.488016303760839630e-10	8.775996886402580599e-11	2.098432918881421071e-10
3.620000000000000000e+02	1.464760942358798074e-10	8.631378870861426209e-11	2.066383997631453398e-10
3.630000000000000000e+02	1.423609792678714971e-10	8.577929956378931202e-11	1.989426589719536693e-10
3.640000000000000000e+02	1.379179950100640348e-10	8.273694487176753149e-11	1.930990451483605511e-10
3.650000000000000000e+02	1.385156065528616593e-10	8.066308100422110006e-11	1.963681321015022186e-10
3.660000000000000000e+02	1.345441339375494697e-10	7.759535748280367200e-11	1.914929103922952803e-10
3.670000000000000000e+02	1.318081881337195065e-10	7.913102059539786772e-11	1.844853556720411452e-10
3.680000000000000000e+02	1.287780896758731441e-10	7.730627202494588903e-11	1.802499073268003992e-10
3.690000000000000000e+02	1.276993379260146410e-10	7.543756244822759117e-11	1.799611134038016909e-10
3.700000000000000000e+02	1.238796727059143395e-10	7.276778185579020795e-11	1.749915635560384710e-10
3.710000000000000000e+02	1.207738327447665940e-10	7.228636938848313317e-11	1.692612961010500548e-10
3.720000000000000000e+02	1.182045326587379423e-10	7.099844711139411466e-11	1.654106182060817699e-10
3.730000000000000000e+02	1.155822012946450176e-10	6.894419056527460127e-11	1.622202120240154340e-10
3.740000000000000000e+02	1.148714938897885065e-10	6.654623882934695197e-11	1.631967489502300611e-10
3.750000000000000000e+02	1.117323819075518424e-10	6.665976846167514334e-11	1.568049953534285414e-10
3.760000000000000000e+02	1.088201570586294622e-10	6.495996682151845224e-11	1.526803472957404721e-10
3.770000000000000000e+02	1.082981524003516648e-10	6.319124923684311654e-11	1.534050555638602130e-10
3.780000000000000000e+02	1.056246141393183798e-10	6.108198372139859570e-11	1.501672445572381769e-10
3.790000000000000000e+02	1.040944649893405095e-10	6.126180804440169851e-11	1.469271219342793206e-10
3.800000000000000000e+02	1.007735176780386807e-10	5.940427487342522549e-11	1.421427604826521359e-10
3.810000000000000000e+02	1.002071263156013574e-10	5.758236089717752317e-11	1.428318917340251853e-10
3.820000000000000000e+02	9.792795715988807489e-11	5.540475399868364066e-11	1.404511603210925027e-10
3.830000000000000000e+02	9.603943710939686234e-11	5.594922285177186631e-11	1.361296513670218584e-10
3.840000000000000000e+02	9.435073406327410788e-11	5.515435534120728355e-11	1.335471127853409451e-10
3.850000000000000000e+02	9.297339407438783329e-11	5.401136541938104458e-11	1.319354227293946220e-10
3.860000000000000000e+02	9.216939638432096332e-11	5.116567509046118960e-11	1.331731176781807500e-10
3.870000000000000000e+02	8.886542922684212444e-11	5.093447191233453465e-11	1.267963865413497078e-10
3.880000000000000000e+02	8.810984658161592571e-11	5.109768444257925546e-11	1.251220087206525960e-10
3.890000000000000000e+02	8.572073861362251007e-11	4.866027273879419776e-11	1.227812044884508353e-10
3.900000000000000000e+02	8.420904412622520552e-11	4.702864329877829313e-11	1.213894449536721114e-10
3.910000000000000000e+02	8.179861483400935610e-11	4.562470473712281732e-11	1.179725249308958949e-10
3.920000000000000000e+02	8.076803537453547042e-11	4.637515800573132982e-11	1.151609127433396046e-10
3.930000000000000000e+02	7.808039014062150130e-11	4.341618270355126776e-11	1.127445975776917348e-10
3.940000000000000000e+02	7.724691793677403250e-11	4.257869537163966647e-11	1.119151405019084050e-10
3.950000000000000000e+02	7.587528102597174938e-11	4.188303764941223878e-11	1.098675244025312600e-10
3.960000000000000000e+02	7.328093897517396761e-11	4.089927489164586403e-11	1.056626030587020712e-10
3.970000000000000000e+02	7.280012204726832101e-11	4.025849399599485764e-11	1.053417500985417779e-10
3.980000000000000000e+02	7.122525132271914036e-11	3.898922500959205525e-11	1.034612776358462190e-10
3.990000000000000000e+02	6.993142698253978208e-11	3.803931697638153641e-11	1.018235369886980342e-10
4.000000000000000000e+02	6.872999641012477078e-11	3.833926090502734211e-11	9.912073191522220591e-11
4.010000000000000000e+02	6.774584170762930552e-11	3.681808433989551975e-11	9.867359907536309129e-11
4.020000000000000000e+02	6.587771110058664860e-11	3.595474822920351804e-11	9.580067397196977917e-11
4.030000000000000000e+02	6.463905900874870368e-11	3.484813532041022349e-11	9.442998269708718386e-11
4.040000000000000000e+02	6.296083678964112662e-11	3.512020432855876829e-11	9.080146925072348496e-11
4.050000000000000000e+02	6.170094907692393508e-11	3.378554026144381395e-11	8.961635789240405621e-11
4.060000000000000000e+02	6.091087384919746511e-11	3.301652643502800753e-11	8.880522126336691623e-11
4.070000000000000000e+02	5.978842392960246045e-11	3.242653706930093561e-11	8.715031078990399175e-11
4.080000000000000000e+02	5.887567767218158368e-11	3.204222106408521951e-11	8.570913428027794785e-11
4.090000000000000000e+02	5.786143918921199266e-11	3.122714675416915267e-11	8.449573162425483265e-11
4.100000000000000000e+02	5.667684806571804042e-11	3.028223463982056045e-11	8.307146149161552685e-11
4.110000000000000000e+02	5.611515310467853296e-11	3.035173432498172693e-11	8.187857188437533253e-11
4.120000000000000000e+02	5.448822241945284404e-11	2.926570957724671490e-11	7.971073526165897318e-11
4.130000000000000000e+02	5.396869617244961139e-11	2.962931081615987310e-11	7.830808152873934968e-11
4.140000000000000000e+02	5.208258997117472517e-11	2.767148849814927022e-11	7.649369144420018012e-11
4.150000000000000000e+02	5.218773271366755954e-11	2.765545519001956006e-11	7.672001023731555902e-11
4.160000000000000000e+02	5.066645959990410798e-11	2.708473828711848453e-11	7.424818091268973466e-11
4.170000000000000000e+02	5.033512227988081171e-11	2.609641713820441775e-11	7.457382742155720567e-11
4.180000000000000000e+02	4.877360930257759437e-11	2.612043138328506080e-11	7.142678722187012470e-11
4.190000000000000000e+02	4.846189867221415724e-11	2.519874025816333143e-11	7.172505708626498952e-11
4.200000000000000000e+02	4.757362405990837016e-11	2.538574421133848902e-11	6.976150390847824483e-11
4.210000000000000000e+02	4.623724880079155532e-11	2.421915644994683177e-11	6.825534115163627887e-11
4.220000000000000000e+02	4.525145121217816303e-11	2.383356535179014318e-11	6.666933707256618934e-11
4.230000000000000000e+02	4.451342898633187306e-11	2.321375971026847034e-11	6.581309826239528224e-11
4.240000000000000000e+02	4.381246989212023483e-11	2.293979803046091325e-11	6.468514175377955641e-11
4.250000000000000000e+02	4.287722383487799773e-11	2.246366836426143265e-11	6.329077930549456281e-11
4.260000000000000000e+02	4.224732258905227272e-11	2.194656895110773788e-11	6.254807622699681080e-11
4.270000000000000000e+02	4.094024476277005666e-11	2.147648784265469743e-11	6.040400168288541267e-11
4.280000000000000000e+02	4.070710053609357122e-11	2.099104027595005606e-11	6.042316079623708961e-11
4.290000000000000000e+02	3.967402456497795526e-11	2.092746799347769172e-11	5.842058113647821879e-11
4.300000000000000000e+02	3.946842424903316197e-11	2.068557499057611216e-11	5.825127350749020531e-11
4.310000000000000000e+02	3.921409102017764523e-11	2.092682198044981223e-11	5.750136005990547823e-11
4.320000000000000000e+02	3.772561490354989128e-11	1.944176476031255002e-11	5.600946504678723253e-11
4.330000000000000000e+02	3.759286328229909554e-11	1.993383855303670299e-11	5.525188801156148485e-11
4.340000000000000000e+02	3.632782249620622540e-11	1.952515636471971766e-11	5.313048862769273315e-11
4.350000000000000000e+02	3.603237314255311153e-11	1.912993997379729671e-11	5.293480631130892635e-11
4.360000000000000000e+02	3.515350717538689647e-11	1.871111745507955427e-11	5.159589689569424191e-11
4.370000000000000000e+02	3.504254396020276809e-11	1.823470003519636406e-11	5.185038788520917212e-11
4.380000000000000000e+02	3.458981278795068177e-11	1.861748525491253211e-11	5.056214032098883143e-11
4.390000000000000000e+02	3.392724031899784351e-11	1.775980313637227021e-11	5.009467750162341357e-11
4.400000000000000000e+02	3.351691198988364447e-11	1.755963786349022816e-11	4.947418611627706079e-11
4.410000000000000000e+02	3.272352720007518782e-11	1.736727548515813870e-11	4.807977891499223694e-11
4.420000000000000000e+02	3.237629351489232546e-11	1.700306804007032829e-11	4.774951898971432262e-11
4.430000000000000000e+02	3.147828232982915187e-11	1.676638264998040112e-11	4.619018200967790263e-11
4.440000000000000000e+02	3.123587084821934465e-11	1.629561611462859599e-11	4.617612558181009330e-11
4.450000000000000000e+02	3.097892142312898799e-11	1.630825071218312451e-11	4.564959213407485146e-11
4.460000000000000000e+02	3.035466650736930638e-11	1.595836615849430255e-11	4.475096685624431021e-11
4.470000000000000000e+02	2.967289551444073207e-11	1.580788015600834348e-11	4.353791087287312066e-11
4.480000000000000000e+02	2.952562131538800489e-11	1.540425157942938660e-11	4.364699105134662317e-11
4.490000000000000000e+02	2.899171158177185784e-11	1.517588422167853801e-11	4.280753894186517766e-11
4.500000000000000000e+02	2.847300491763911518e-11	1.475035702347550216e-11	4.219565281180272819e-11
4.510000000000000000e+02	2.799971448644988353e-11	1.455324006231031384e-11	4.144618891058945321e-11
4.520000000000000000e+02	2.742934497626046490e-11	1.455340840028875123e-11	4.030528155223217857e-11
4.530000000000000000e+02	2.685195679207816073e-11	1.386628048010361757e-11	3.983763310405270228e-11
4.540000000000000000e+02	2.655790377709622018e-11	1.414433562621306379e-11	3.897147192797937981e-11
4.550000000000000000e+02	2.639994280944842520e-11	1.365885744352224600e-11	3.914102817537460602e-11
4.560000000000000000e+02	2.578613793663436139e-11	1.362932709778820466e-11	3.794294877548051489e-11
4.570000000000000000e+02	2.539185941499415723e-11	1.319314630116398092e-11	3.759057252882433676e-11
4.580000000000000000e+02	2.506718310937829550e-11	1.266779406126345789e-11	3.746657215749313310e-11
4.590000000000000000e+02	2.474711626969612311e-11	1.256665463806699982e-11	3.692757790132524316e-11
4.600000000000000000e+02	2.443060577668062565e-11	1.258792025882471506e-11	3.627329129453653462e-11
4.610000000000000000e+02	2.425025707816164024e-11	1.261795689490377005e-11	3.588255726141951044e-11
4.620000000000000000e+02	2.375903761972753134e-11	1.242539666873609287e-11	3.509267857071896981e-11
4.630000000000000000e+02	2.334580184310573434e-11	1.176135163930241716e-11	3.493025204690904990e-11
4.640000000000000000e+02	2.356582022482422329e-11	1.193098519213875121e-11	3.520065525750969537e-11
4.650000000000000000e+02	2.281157758300779358e-11	1.138704353250649839e-11	3.423611163350908715e-11
4.660000000000000000e+02	2.268049401217996665e-11	1.134061448749452745e-11	3.402037353686540584e-11
4.670000000000000000e+02	2.230242479938324370e-11	1.087551977823669146e-11	3.372932982052979917e-11
4.680000000000000000e+02	2.212811074073114269e-11	1.114069137980764223e-11	3.311553010165464477e-11
4.690000000000000000e+02	2.189789067740614046e-11	1.087427876459804152e-11	3.292150259021424263e-11
4.700000000000000000e+02	2.137505587808499074e-11	1.094673893498934857e-11	3.180337282118063613e-11
4.710000000000000000e+02	2.140627046874196194e-11	1.069259158258359658e-11	3.211994935490032730e-11
4.720000000000000000e+02	2.104632523278717696e-11	1.047292233795520248e-11	3.161972812761915143e-11
4.730000000000000000e+02	2.109151521891517202e-11	1.006714205116343461e-11	3.211588838666690782e-11
4.740000000000000000e+02	2.065803127450509528e-11	9.958599775952636474e-12	3.135746277305755570e-11
4.750000000000000000e+02	2.020946488662682099e-11	9.950381953181954771e-12	3.046854782007168721e-11
4.760000000000000000e+02	2.018117496651341345e-11	9.778365885919910258e-12	3.058398404710691341e-11
4.770000000000000000e+02	1.971071400302191778e-11	9.491283521072756012e-12	2.993014448497108117e-11
4.780000000000000000e+02	2.034342701788318780e-11	9.667621937559085116e-12	3.101923209820729210e-11
4.790000000000000000e+02	1.987479110505383908e-11	9.384209380927303335e-12	3.036537282918037160e-11
4.800000000000000000e+02	1.924968371086207348e-11	9.249971122983155001e-12	2.924939629874099196e-11
4.810000000000000000e+02	1.869164736705257866e-11	9.090089774848311277e-12	2.829320495925684603e-11
4.820000000000000000e+02	1.923814272793938571e-11	9.219129392478784120e-12	2.925715606339998569e-11
4.830000000000000000e+02	1.865981668255498147e-11	8.597582083177524289e-12	2.872205128193244028e-11
4.840000000000000000e+02	1.866485238351617715e-11	8.460027394128455891e-12	2.886967737290389679e-11
4.850000000000000000e+02	1.827598986947622993e-11	8.554672010086945213e-12	2.799730772886551464e-11
4.860000000000000000e+02	1.847275116527548488e-11	8.464610434874444793e-12	2.848089189567652335e-11
4.870000000000000000e+02	1.845336495470325250e-11	8.115720338431567200e-12	2.879100957097493619e-11
4.880000000000000000e+02	1.783141929664095844e-11	7.903386891918149903e-12	2.775945170136376859e-11
4.890000000000000000e+02	1.765701533626509039e-11	7.853014494438725045e-12	2.746101617809145573e-11
4.900000000000000000e+02	1.744089199709582174e-11	8.094462569868491059e-12	2.678732142432315241e-11
4.910000000000000000e+02	1.708367096699032067e-11	8.086790622506994839e-12	2.608055131147364812e-11
4.920000000000000000e+02	1.718598653231229921e-11	8.222839870239865226e-12	2.614913319438473480e-11
4.930000000000000000e+02	1.723421840345826799e-11	7.962940191771843918e-12	2.650549661514469368e-11
4.940000000000000000e+02	1.734081937801405921e-11	7.431362958846335203e-12	2.725027579718178321e-11
4.950000000000000000e+02	1.725922739639743807e-11	7.390718328527334087e-12	2.712773646426754205e-11
4.960000000000000000e+02	1.687888651224292999e-11	7.650180617454415619e-12	2.610759240703144274e-11
4.970000000000000000e+02	1.705351673159522285e-11	7.634273435459646643e-12	2.647276002773080067e-11
4.980000000000000000e+02	1.658794443102005513e-11	7.517223406750390047e-12	2.565866545528971860e-11
4.990000000000000000e+02	1.702895000115914465e-11	7.131521055882072945e-12	2.692637894643621796e-11
5.000000000000000000e+02	1.691251224507333558e-11	7.586934619440199327e-12	2.623808987070647183e-11
5.010000000000000000e+02	1.718972865075250588e-11	7.941699942660986577e-12	2.643775735884402519e-11
5.020000000000000000e+02	1.692817284313346729e-11	7.654578295491539830e-12	2.620176739077539475e-11
5.030000000000000000e+02	1.670373011234255822e-11	7.006253430156144639e-12	2.640120679452897181e-11
5.040000000000000000e+02	1.691193556884634150e-11	6.253608777136621403e-12	2.757026236055606159e-11
5.050000000000000000e+02	1.653912818860400318e-11	6.767326214868562454e-12	2.631093016233944390e-11
5.060000000000000000e+02	1.661713665630600463e-11	7.502542765829116448e-12	2.573173054678289121e-11
5.070000000000000000e+02	1.715786171948543358e-11	7.752217617151825562e-12	2.656350582181904160e-11
5.080000000000000000e+02	1.778677791791427180e-11	7.723259027014671278e-12	2.785029680881387070e-11
5.090000000000000000e+02	2.041164282835574055e-11	7.721826963032938059e-12	3.310145869367854304e-11
5.100000000000000000e+02	2.284250322046849327e-11	8.663970326507663564e-12	3.702103611442932458e-11
