0.000000000000000000e+00	4.022537313072199410e-30	2.245377293023045024e-30	5.799697333121353795e-30
1.000000000000000000e+00	2.015534265564887795e-01	3.015741228335866442e-03	4.000911118846416925e-01
2.000000000000000000e+00	1.380682643397540765e+01	1.110168527566245089e+01	1.651196759228836441e+01
3.000000000000000000e+00	1.447379716578887354e+01	8.127487228978406364e+00	2.082010710259934072e+01
4.000000000000000000e+00	3.776067949571843485e+01	2.893719881898469026e+01	4.658416017245217944e+01
5.000000000000000000e+00	1.203090807629336467e+01	7.983469462202124056e+00	1.607834669038460618e+01
6.000000000000000000e+00	1.457167441039087663e+01	1.079969609731113778e+01	1.834365272347061548e+01
7.000000000000000000e+00	9.165739803228234450e+00	6.789827559418458947e+00	1.154165204703800995e+01
8.000000000000000000e+00	8.265998181019892144e+00	6.261778999723839334e+00	1.027021736231594495e+01
9.000000000000000000e+00	8.641149047017542273e+00	6.754694608871744776e+00	1.052760348516333977e+01
1.000000000000000000e+01	5.499191740449346000e+00	4.037970355802865896e+00	6.960413125095826103e+00
1.100000000000000000e+01	6.090299414648264964e+00	4.623244318036132228e+00	7.557354511260397700e+00
1.200000000000000000e+01	4.822144531947611945e+00	3.599157728234829712e+00	6.045131335660394178e+00
1.300000000000000000e+01	5.123335526547485586e+00	4.139920932349993699e+00	6.106750120744977472e+00
1.400000000000000000e+01	4.548976413644157724e+00	3.420848456272533866e+00	5.677104371015781581e+00
1.500000000000000000e+01	3.582832703678350494e+00	2.785293483640983503e+00	4.380371923715717486e+00
1.600000000000000000e+01	4.567212688123450270e+00	3.653106462818672906e+00	5.481318913428227191e+00
1.700000000000000000e+01	3.713592465450434421e+00	2.955441407019304911e+00	4.471743523881563931e+00
1.800000000000000000e+01	3.491291841216530578e+00	2.888051203285802782e+00	4.094532479147257931e+00
1.900000000000000000e+01	3.273990883774354543e+00	2.615247055719080560e+00	3.932734711829628527e+00
2.000000000000000000e+01	2.919023609058875923e+00	2.260484117375584301e+00	3.577563100742167546e+00
2.100000000000000000e+01	3.437282715007687450e+00	2.681940942207877043e+00	4.192624487807497857e+00
2.200000000000000000e+01	2.883940014341078939e+00	2.264273987440004632e+00	3.503606041242153246e+00
2.300000000000000000e+01	2.906916459332340441e+00	2.284516935571573093e+00	3.529315983093107789e+00
2.400000000000000000e+01	2.633505617883782346e+00	2.107508120191039946e+00	3.159503115576524745e+00
2.500000000000000000e+01	2.872634642103355507e+00	2.317026964616428764e+00	3.428242319590282250e+00
2.600000000000000000e+01	2.494860926303383408e+00	1.992337574662617072e+00	2.997384277944149744e+00
2.700000000000000000e+01	2.324568440909689393e+00	1.919151116110121347e+00	2.729985765709257439e+00
2.800000000000000000e+01	2.591855073052132141e+00	2.047691311239839607e+00	3.136018834864424676e+00
2.900000000000000000e+01	2.250974099227729397e+00	1.830772651405417673e+00	2.671175547050041121e+00
3.000000000000000000e+01	2.386845664052552163e+00	1.875156106431864256e+00	2.898535221673240070e+00
3.100000000000000000e+01	2.180449698391723867e+00	1.794588513670929864e+00	2.566310883112517871e+00
3.200000000000000000e+01	2.010925254619383651e+00	1.686038141809793833e+00	2.335812367428973690e+00
3.300000000000000000e+01	2.209434857989181378e+00	1.756364346920759267e+00	2.662505369057603488e+00
3.400000000000000000e+01	2.085963344328994218e+00	1.686916610214872048e+00	2.485010078443116388e+00
3.500000000000000000e+01	2.078449849597784116e+00	1.717762753282616073e+00	2.439136945912952381e+00
3.600000000000000000e+01	1.939070209886936347e+00	1.618184314195612927e+00	2.259956105578259766e+00
3.700000000000000000e+01	1.873703545662976255e+00	1.529791990436913052e+00	2.217615100889039681e+00
3.800000000000000000e+01	1.979977300317803168e+00	1.630669787074758181e+00	2.329284813560848377e+00
3.900000000000000000e+01	1.769064400162926320e+00	1.456388929611248662e+00	2.081739870714604201e+00
4.000000000000000000e+01	1.907901800009464743e+00	1.525397299889321046e+00	2.290406300129608663e+00
4.100000000000000000e+01	1.654007471158775777e+00	1.381704355176157195e+00	1.926310587141394359e+00
4.200000000000000000e+01	1.734729141479423697e+00	1.437506312904026640e+00	2.031951970054820755e+00
4.300000000000000000e+01	1.706539628530454378e+00	1.384102249858667477e+00	2.028977007202241278e+00
4.400000000000000000e+01	1.556804668375471490e+00	1.271310472699975325e+00	1.842298864050967655e+00
4.500000000000000000e+01	1.668661925121525114e+00	1.370351522830896895e+00	1.966972327412153332e+00
4.600000000000000000e+01	1.495408129134737640e+00	1.256153918207102649e+00	1.734662340062372632e+00
4.700000000000000000e+01	1.646945571898919880e+00	1.373669779171922567e+00	1.920221364625917193e+00
4.800000000000000000e+01	1.574027469625268960e+00	1.320417419630755873e+00	1.827637519619782047e+00
4.900000000000000000e+01	1.542168598577870586e+00	1.292131378244270934e+00	1.792205818911470239e+00
5.000000000000000000e+01	1.481361393041059404e+00	1.212026504318252762e+00	1.750696281763866047e+00
5.100000000000000000e+01	1.449877924902902793e+00	1.211555634347968535e+00	1.688200215457837050e+00
5.200000000000000000e+01	1.521035253183441460e+00	1.305375126580826661e+00	1.736695379786056259e+00
5.300000000000000000e+01	1.344731563110384220e+00	1.123516116494497785e+00	1.565947009726270656e+00
5.400000000000000000e+01	1.396594169015579645e+00	1.169092762048602241e+00	1.624095575982557049e+00
5.500000000000000000e+01	1.430520026127447775e+00	1.209488414282699598e+00	1.651551637972195952e+00
5.600000000000000000e+01	1.308480013814646181e+00	1.117508866321094585e+00	1.499451161308197777e+00
5.700000000000000000e+01	1.407779206614502066e+00	1.180318905557452336e+00	1.635239507671551795e+00
5.800000000000000000e+01	1.227649902462311093e+00	1.023354001647929445e+00	1.431945803276692741e+00
5.900000000000000000e+01	1.384372090562312696e+00	1.168989303261832591e+00	1.599754877862792801e+00
6.000000000000000000e+01	1.280357562545189953e+00	1.063946156689730138e+00	1.496768968400649769e+00
6.100000000000000000e+01	1.200168535005849302e+00	9.859143294248109424e-01	1.414422740586887661e+00
6.200000000000000000e+01	1.295040632631664135e+00	1.074764797962290519e+00	1.515316467301037751e+00
6.300000000000000000e+01	1.112660371990174424e+00	9.243983459859353990e-01	1.300922397994413338e+00
6.400000000000000000e+01	1.341597854578675975e+00	1.126985922397264694e+00	1.556209786760087255e+00
6.500000000000000000e+01	1.166013436767441291e+00	9.446741584898373789e-01	1.387352715045045315e+00
6.600000000000000000e+01	1.208585166651289233e+00	9.995646805063961304e-01	1.417605652796182225e+00
6.700000000000000000e+01	1.156435747174793471e+00	9.773622489412799874e-01	1.335509245408307066e+00
6.800000000000000000e+01	1.077251333261639132e+00	8.835726746914204233e-01	1.270929991831857730e+00
6.900000000000000000e+01	1.161808883042284801e+00	9.938605761238827885e-01	1.329757189960686814e+00
7.000000000000000000e+01	1.090708566169093618e+00	8.894473767424077026e-01	1.291969755595779423e+00
7.100000000000000000e+01	1.044431044064221048e+00	8.699334500719714258e-01	1.218928638056470781e+00
7.200000000000000000e+01	1.140103848257680852e+00	9.824109113432485385e-01	1.297796785172113054e+00
7.300000000000000000e+01	1.024658252099958755e+00	8.622777468048402616e-01	1.187038757395077138e+00
7.400000000000000000e+01	1.066445024035365119e+00	8.946679901602777596e-01	1.238222057910452367e+00
7.500000000000000000e+01	9.832910019488604325e-01	8.420703404629241717e-01	1.124511663434796693e+00
7.600000000000000000e+01	1.044356119742233524e+00	8.700014525305970192e-01	1.218710786953870029e+00
7.700000000000000000e+01	1.004536849972081924e+00	8.529770540850634131e-01	1.156096645859100436e+00
7.800000000000000000e+01	9.281979562035194142e-01	7.890128542901386766e-01	1.067383058116900152e+00
7.900000000000000000e+01	9.621970412868821043e-01	8.239246651195580862e-01	1.100469417454206233e+00
8.000000000000000000e+01	9.217046046407613158e-01	7.845952612950307659e-01	1.058813947986491755e+00
8.100000000000000000e+01	9.812918516553515991e-01	8.226976852764694703e-01	1.139886018034233839e+00
8.200000000000000000e+01	9.239489600066557173e-01	7.789822317642571825e-01	1.068915688249054252e+00
8.300000000000000000e+01	8.836489014707968881e-01	7.484156674334460080e-01	1.018882135508147879e+00
8.400000000000000000e+01	8.630069002531053357e-01	7.350319736086696754e-01	9.909818268975409961e-01
8.500000000000000000e+01	9.099867860507147022e-01	7.721774588485712520e-01	1.047796113252858152e+00
8.600000000000000000e+01	8.744957550700789284e-01	7.253255308241828292e-01	1.023665979315975028e+00
8.700000000000000000e+01	8.459559109043168768e-01	6.980314397572990881e-01	9.938803820513346654e-01
8.800000000000000000e+01	8.116540696832182933e-01	6.827090751138211733e-01	9.405990642526154133e-01
8.900000000000000000e+01	8.850176540190288765e-01	7.447882569664681096e-01	1.025247051071589643e+00
9.000000000000000000e+01	8.118477992650451336e-01	6.756305275632017437e-01	9.480650709668885234e-01
9.100000000000000000e+01	8.354129440341254709e-01	6.943148395409334261e-01	9.765110485273175156e-01
9.200000000000000000e+01	8.040398960685507523e-01	6.628481337809266627e-01	9.452316583561748420e-01
9.300000000000000000e+01	8.202594440298160983e-01	6.792073292573636012e-01	9.613115588022685953e-01
9.400000000000000000e+01	7.834587852937501262e-01	6.595816957118881829e-01	9.073358748756120695e-01
9.500000000000000000e+01	7.743584675440224885e-01	6.523192411995811790e-01	8.963976938884637979e-01
9.600000000000000000e+01	7.722074354595611645e-01	6.543243867528620861e-01	8.900904841662602429e-01
9.700000000000000000e+01	7.673320450030273188e-01	6.529774922197256748e-01	8.816865977863289627e-01
9.800000000000000000e+01	8.279568398629167936e-01	7.018131454442545492e-01	9.541005342815790380e-01
9.900000000000000000e+01	7.117078608196426570e-01	6.015158363719579349e-01	8.218998852673273792e-01
1.000000000000000000e+02	7.584982133328257436e-01	6.362965162393214857e-01	8.806999104263300016e-01
1.010000000000000000e+02	6.829736037852230934e-01	5.828935372919613611e-01	7.830536702784848258e-01
1.020000000000000000e+02	7.470324444738482006e-01	6.475181831030125679e-01	8.465467058446838333e-01
1.030000000000000000e+02	7.482246131485580376e-01	6.394558799500829060e-01	8.569933463470331692e-01
1.040000000000000000e+02	6.673641963896131957e-01	5.593430588377200641e-01	7.753853339415063273e-01
1.050000000000000000e+02	6.988225585387941585e-01	5.997642980707100779e-01	7.978808190068782391e-01
1.060000000000000000e+02	6.683137394674733001e-01	5.641359548375171062e-01	7.724915240974294939e-01
1.070000000000000000e+02	6.885911592392353064e-01	5.878868447724618918e-01	7.892954737060087211e-01
1.080000000000000000e+02	6.851191786160464314e-01	5.790728013704588006e-01	7.911655558616340622e-01
1.090000000000000000e+02	6.531918767675805038e-01	5.424137985012630336e-01	7.639699550338979739e-01
1.100000000000000000e+02	6.934838783979180299e-01	5.808246308582459827e-01	8.061431259375900771e-01
1.110000000000000000e+02	6.063915780285804580e-01	5.059191874644405340e-01	7.068639685927203820e-01
1.120000000000000000e+02	6.404475499802672056e-01	5.335677257115886141e-01	7.473273742489457971e-01
1.130000000000000000e+02	6.249963974964658497e-01	5.190932667093621777e-01	7.308995282835695217e-01
1.140000000000000000e+02	6.174086911384459864e-01	5.215054368897555914e-01	7.133119453871363813e-01
1.150000000000000000e+02	6.281413402047598682e-01	5.272439195089336783e-01	7.290387609005860581e-01
1.160000000000000000e+02	5.968499038271389834e-01	4.892766090253349853e-01	7.044231986289429814e-01
1.170000000000000000e+02	5.933515365167945088e-01	4.978736872014576376e-01	6.888293858321313801e-01
1.180000000000000000e+02	5.730115707882663667e-01	4.845597580584538044e-01	6.614633835180789845e-01
1.190000000000000000e+02	5.660824121798689879e-01	4.827356036570142339e-01	6.494292207027236863e-01
1.200000000000000000e+02	5.979701751924560993e-01	5.027009644012835343e-01	6.932393859836286643e-01
1.210000000000000000e+02	5.766800004422337755e-01	4.809505870692336038e-01	6.724094138152338918e-01
1.220000000000000000e+02	5.710893115544106724e-01	4.849793029462403648e-01	6.571993201625809800e-01
1.230000000000000000e+02	5.758875967534072826e-01	4.914139019847927337e-01	6.603612915220218316e-01
1.240000000000000000e+02	5.371081365998963131e-01	4.570713811355729406e-01	6.171448920642197411e-01
1.250000000000000000e+02	5.394151611355860743e-01	4.555985905250478640e-01	6.232317317461242290e-01
1.260000000000000000e+02	5.258361095505890148e-01	4.416727059938902467e-01	6.099995131072878385e-01
1.270000000000000000e+02	5.573777212932646830e-01	4.614411995189078297e-01	6.533142430676215362e-01
1.280000000000000000e+02	5.101039566294803818e-01	4.245926809452793549e-01	5.956152323136814086e-01
1.290000000000000000e+02	5.165835423368322354e-01	4.311282243397251968e-01	6.020388603339392741e-01
1.300000000000000000e+02	5.002339731311358229e-01	4.183590296674364328e-01	5.821089165948352129e-01
1.310000000000000000e+02	4.959431850545659159e-01	4.157758479505485605e-01	5.761105221585832714e-01
1.320000000000000000e+02	5.202849551257898719e-01	4.354043049473553251e-01	6.051656053042244743e-01
1.330000000000000000e+02	4.887842952874301150e-01	4.098193192848370581e-01	5.677492712900231719e-01
1.340000000000000000e+02	5.032134206149021516e-01	4.154889681902458332e-01	5.909378730395584700e-01
1.350000000000000000e+02	4.698668896137696560e-01	3.906001291776398099e-01	5.491336500498994466e-01
1.360000000000000000e+02	4.894966437944764936e-01	4.065088432654058725e-01	5.724844443235471703e-01
1.370000000000000000e+02	4.634726145352792148e-01	3.831956735025983107e-01	5.437495555679601189e-01
1.380000000000000000e+02	4.495394795693570811e-01	3.743058286990654793e-01	5.247731304396486829e-01
1.390000000000000000e+02	4.740548497076009782e-01	3.934227183497035485e-01	5.546869810654984079e-01
1.400000000000000000e+02	4.663181023515871049e-01	3.889998402312696557e-01	5.436363644719045540e-01
1.410000000000000000e+02	4.541298346127163876e-01	3.802066263692352455e-01	5.280530428561975853e-01
1.420000000000000000e+02	4.362504000357668721e-01	3.628686185641802342e-01	5.096321815073534545e-01
1.430000000000000000e+02	4.296671463692863790e-01	3.626336950468348475e-01	4.967005976917379106e-01
1.440000000000000000e+02	4.502187396841836331e-01	3.772519391928828014e-01	5.231855401754844648e-01
1.450000000000000000e+02	4.369393429360056147e-01	3.654701515884337670e-01	5.084085342835774624e-01
1.460000000000000000e+02	4.263650229353856957e-01	3.597447216600330733e-01	4.929853242107383182e-01
1.470000000000000000e+02	4.026127981239161491e-01	3.374687034906430072e-01	4.677568927571892909e-01
1.480000000000000000e+02	4.223883798438525794e-01	3.547252876565831770e-01	4.900514720311219818e-01
1.490000000000000000e+02	4.195449186586305279e-01	3.571284679646868354e-01	4.819613693525742204e-01
1.500000000000000000e+02	3.913864350846369411e-01	3.240707074293860401e-01	4.587021627398878421e-01
1.510000000000000000e+02	4.098456768975946019e-01	3.485849524853731340e-01	4.711064013098160697e-01
1.520000000000000000e+02	3.776014398780032089e-01	3.118141237952281042e-01	4.433887559607783135e-01
1.530000000000000000e+02	4.035696172954774674e-01	3.345501948977390727e-01	4.725890396932158621e-01
1.540000000000000000e+02	3.783549394691887446e-01	3.143005620124277866e-01	4.424093169259497027e-01
1.550000000000000000e+02	3.743989924715562245e-01	3.104059537069672747e-01	4.383920312361451743e-01
1.560000000000000000e+02	3.854762754843943373e-01	3.205262954756423754e-01	4.504262554931462992e-01
1.570000000000000000e+02	3.745244514595013618e-01	3.113775204123810370e-01	4.376713825066216867e-01
1.580000000000000000e+02	3.730147019695377320e-01	3.100961377966295895e-01	4.359332661424458744e-01
1.590000000000000000e+02	3.516150724984403730e-01	2.929777990441560509e-01	4.102523459527246952e-01
1.600000000000000000e+02	3.466148893187603885e-01	2.918040326108252702e-01	4.014257460266955069e-01
1.610000000000000000e+02	3.656721436223685506e-01	3.019963296178039824e-01	4.293479576269331188e-01
1.620000000000000000e+02	3.435734523994045109e-01	2.809563011649768294e-01	4.061906036338321924e-01
1.630000000000000000e+02	3.532026421393847926e-01	2.918587524535619648e-01	4.145465318252076203e-01
1.640000000000000000e+02	3.290512537733548681e-01	2.721781239766919436e-01	3.859243835700177927e-01
1.650000000000000000e+02	3.432522138665267120e-01	2.828809207141647075e-01	4.036235070188887164e-01
1.660000000000000000e+02	3.331297852001193771e-01	2.718170587913740222e-01	3.944425116088647321e-01
1.670000000000000000e+02	3.137652914923002578e-01	2.586847207531861592e-01	3.688458622314143565e-01
1.680000000000000000e+02	3.293312391296266406e-01	2.691436399803447399e-01	3.895188382789085413e-01
1.690000000000000000e+02	3.237034450008346997e-01	2.704825139207072127e-01	3.769243760809621868e-01
1.700000000000000000e+02	3.179542733722121040e-01	2.677920973563168716e-01	3.681164493881073363e-01
1.710000000000000000e+02	3.188546240346846194e-01	2.630183982439273649e-01	3.746908498254418740e-01
1.720000000000000000e+02	2.912749355150906494e-01	2.440505460232791635e-01	3.384993250069021631e-01
1.730000000000000000e+02	3.133266948264689100e-01	2.664065584393696118e-01	3.602468312135682083e-01
1.740000000000000000e+02	3.055328535605200679e-01	2.558898374463424163e-01	3.551758696746977195e-01
1.750000000000000000e+02	2.953131181764117041e-01	2.483450575537076987e-01	3.422811787991156818e-01
1.760000000000000000e+02	2.972653735774876127e-01	2.511099069909339954e-01	3.434208401640412300e-01
1.770000000000000000e+02	2.811344271748408286e-01	2.363750979169778610e-01	3.258937564327037961e-01
1.780000000000000000e+02	2.992232951177906664e-01	2.511187262894094552e-01	3.473278639461718775e-01
1.790000000000000000e+02	2.832117788070612208e-01	2.372047572311103136e-01	3.292188003830121001e-01
1.800000000000000000e+02	2.836351725613269203e-01	2.376601289418865393e-01	3.296102161807673014e-01
1.810000000000000000e+02	2.757784479522111254e-01	2.299982220799815513e-01	3.215586738244406995e-01
1.820000000000000000e+02	2.762068520191114929e-01	2.316461165518940435e-01	3.207675874863289422e-01
1.830000000000000000e+02	2.722338236511044340e-01	2.256083381004642952e-01	3.188593092017445452e-01
1.840000000000000000e+02	2.623657918662957167e-01	2.150282311147040937e-01	3.097033526178873397e-01
1.850000000000000000e+02	2.644864312311367427e-01	2.218352810710554346e-01	3.071375813912180508e-01
1.860000000000000000e+02	2.637839433060020777e-01	2.178193836788297477e-01	3.097485029331744077e-01
1.870000000000000000e+02	2.680236940481644514e-01	2.214144994003305056e-01	3.146328886959983695e-01
1.880000000000000000e+02	2.557392260435533138e-01	2.128804179733606861e-01	2.985980341137459693e-01
1.890000000000000000e+02	2.516875600521942813e-01	2.105426431005371912e-01	2.928324770038513991e-01
1.900000000000000000e+02	2.483605486331591228e-01	2.067901288553434802e-01	2.899309684109747653e-01
1.910000000000000000e+02	2.587322380392598209e-01	2.178310223171285587e-01	2.996334537613911109e-01
1.920000000000000000e+02	2.454407337420892732e-01	2.040753053879153789e-01	2.868061620962631952e-01
1.930000000000000000e+02	2.427162632660066766e-01	2.022535571181289793e-01	2.831789694138843738e-01
1.940000000000000000e+02	2.412709044065045605e-01	2.016034621342695787e-01	2.809383466787395700e-01
1.950000000000000000e+02	2.417026735237882973e-01	2.000382421394855670e-01	2.833671049080910276e-01
1.960000000000000000e+02	2.344708326980393942e-01	1.978013451441275328e-01	2.711403202519512279e-01
1.970000000000000000e+02	2.386633908548718708e-01	1.996352596653553912e-01	2.776915220443883503e-01
1.980000000000000000e+02	2.240218096232051148e-01	1.879433694753871176e-01	2.601002497710230843e-01
1.990000000000000000e+02	2.321633353673140110e-01	1.920429343199223093e-01	2.722837364147057126e-01
2.000000000000000000e+02	2.173964893971785939e-01	1.810001696068544996e-01	2.537928091875026881e-01
2.010000000000000000e+02	2.171495308549025449e-01	1.796330486951329408e-01	2.546660130146721213e-01
2.020000000000000000e+02	2.261098195519736787e-01	1.886361785186803641e-01	2.635834605852669932e-01
2.030000000000000000e+02	2.150689099765274170e-01	1.791353241755024583e-01	2.510024957775523480e-01
2.040000000000000000e+02	2.212319562592713063e-01	1.810031590167494597e-01	2.614607535017931528e-01
2.050000000000000000e+02	2.079576423665960294e-01	1.727070073099612746e-01	2.432082774232307842e-01
2.060000000000000000e+02	2.149322133831809978e-01	1.804074846001321175e-01	2.494569421662298780e-01
2.070000000000000000e+02	2.071129893640497877e-01	1.725091359282801551e-01	2.417168427998194202e-01
2.080000000000000000e+02	2.082626096193556653e-01	1.733905539553174946e-01	2.431346652833938360e-01
2.090000000000000000e+02	2.074393512778616722e-01	1.726147872444509235e-01	2.422639153112724208e-01
2.100000000000000000e+02	1.917833428792623807e-01	1.600035748957029935e-01	2.235631108628217678e-01
2.110000000000000000e+02	1.992093521225738739e-01	1.653433150584025513e-01	2.330753891867451966e-01
2.120000000000000000e+02	1.978186663722578953e-01	1.646321323431668704e-01	2.310052004013489202e-01
2.130000000000000000e+02	1.888129331015668544e-01	1.569180152660704097e-01	2.207078509370632990e-01
2.140000000000000000e+02	1.971225584760321059e-01	1.634785919882310867e-01	2.307665249638331251e-01
2.150000000000000000e+02	1.794130134928435261e-01	1.497111722631161157e-01	2.091148547225709364e-01
2.160000000000000000e+02	1.926951814564132337e-01	1.595033308677077377e-01	2.258870320451187297e-01
2.170000000000000000e+02	1.856301424231255048e-01	1.540141467578630685e-01	2.172461380883879412e-01
2.180000000000000000e+02	1.747893731637926995e-01	1.442817368860816463e-01	2.052970094415037527e-01
2.190000000000000000e+02	1.870058380452145341e-01	1.549296444605316736e-01	2.190820316298973947e-01
2.200000000000000000e+02	1.733926497903021113e-01	1.425192523659638832e-01	2.042660472146403394e-01
2.210000000000000000e+02	1.798037152819014772e-01	1.480123333239578010e-01	2.115950972398451535e-01
2.220000000000000000e+02	1.724904713860487271e-01	1.439952322566528942e-01	2.009857105154445600e-01
2.230000000000000000e+02	1.669642514949817302e-01	1.377164605501031980e-01	1.962120424398602625e-01
2.240000000000000000e+02	1.661219197792244973e-01	1.358311360939429280e-01	1.964127034645060665e-01
2.250000000000000000e+02	1.689247510260970253e-01	1.388693649573915501e-01	1.989801370948025006e-01
2.260000000000000000e+02	1.674521851803029426e-01	1.389175020670314897e-01	1.959868682935743955e-01
2.270000000000000000e+02	1.590101814382635093e-01	1.320523038356462564e-01	1.859680590408807621e-01
2.280000000000000000e+02	1.615303465922150739e-01	1.346979399769131780e-01	1.883627532075169697e-01
2.290000000000000000e+02	1.612429845789541127e-01	1.333000211485725894e-01	1.891859480093356360e-01
2.300000000000000000e+02	1.566312727558892837e-01	1.299569025296180291e-01	1.833056429821605382e-01
2.310000000000000000e+02	1.585294874136694565e-01	1.311861100931177304e-01	1.858728647342211826e-01
2.320000000000000000e+02	1.515872808693914664e-01	1.236419782088470920e-01	1.795325835299358408e-01
2.330000000000000000e+02	1.565363082784463622e-01	1.259987932989985182e-01	1.870738232578942062e-01
2.340000000000000000e+02	1.493063009701511012e-01	1.216176222143878494e-01	1.769949797259143531e-01
2.350000000000000000e+02	1.471802669617930381e-01	1.207556117272427232e-01	1.736049221963433531e-01
2.360000000000000000e+02	1.467138066118322259e-01	1.176918621148635158e-01	1.757357511088009361e-01
2.370000000000000000e+02	1.436639720089321892e-01	1.176483203906212027e-01	1.696796236272431757e-01
2.380000000000000000e+02	1.464104657331127268e-01	1.195824577351360662e-01	1.732384737310893874e-01
2.390000000000000000e+02	1.423895343593860885e-01	1.162728854780070153e-01	1.685061832407651616e-01
2.400000000000000000e+02	1.381775099802806384e-01	1.141014273517225730e-01	1.622535926088387037e-01
2.410000000000000000e+02	1.393242548050600549e-01	1.159131874180283489e-01	1.627353221920917470e-01
2.420000000000000000e+02	1.349386039940852211e-01	1.096573937731919746e-01	1.602198142149784676e-01
2.430000000000000000e+02	1.376363217180309184e-01	1.107210068289871674e-01	1.645516366070746694e-01
2.440000000000000000e+02	1.352695239399927529e-01	1.096341420202434497e-01	1.609049058597420423e-01
2.450000000000000000e+02	1.319225712662245587e-01	1.071932996306695640e-01	1.566518429017795533e-01
2.460000000000000000e+02	1.317742821343708681e-01	1.074717689831474060e-01	1.560767952855943164e-01
2.470000000000000000e+02	1.266239273383857333e-01	1.038212835489411845e-01	1.494265711278302822e-01
2.480000000000000000e+02	1.283202569585603914e-01	1.044534088993463866e-01	1.521871050177743823e-01
2.490000000000000000e+02	1.242226801689548660e-01	1.007438920176600278e-01	1.477014683202497181e-01
2.500000000000000000e+02	1.267992416401382549e-01	1.033456598289558687e-01	1.502528234513206551e-01
2.510000000000000000e+02	1.223592262365763572e-01	9.876990506367031020e-02	1.459485474094824042e-01
2.520000000000000000e+02	1.210192990505770116e-01	9.874034230043297888e-02	1.432982558007210305e-01
2.530000000000000000e+02	1.177416624248863314e-01	9.648723255918248420e-02	1.389960922905901786e-01
2.540000000000000000e+02	1.171306672589837589e-01	9.651639857243617115e-02	1.377449359455313327e-01
2.550000000000000000e+02	1.177174337274312366e-01	9.679838342629044912e-02	1.386364840285720101e-01
2.560000000000000000e+02	1.140432396089488543e-01	9.310890078637869272e-02	1.349775784315190297e-01
2.570000000000000000e+02	1.149170647136982248e-01	9.432379566214883770e-02	1.355103337652476259e-01
2.580000000000000000e+02	1.105995664155336178e-01	9.089870856853428382e-02	1.303004242625329656e-01
2.590000000000000000e+02	1.115843425086131546e-01	9.132361566554152155e-02	1.318450693516848016e-01
2.600000000000000000e+02	1.119432619799096140e-01	9.177991045659571190e-02	1.321066135032235300e-01
2.610000000000000000e+02	1.047296557689211677e-01	8.581631289657760953e-02	1.236429986412647258e-01
2.620000000000000000e+02	1.100989091933448072e-01	9.057146489057724126e-02	1.296263534961123731e-01
2.630000000000000000e+02	1.056486176973813196e-01	8.580697290469826988e-02	1.254902624900643693e-01
2.640000000000000000e+02	1.057253975951708697e-01	8.683374548426761597e-02	1.246170497060741233e-01
2.650000000000000000e+02	1.020582839142003123e-01	8.259724434235414525e-02	1.215193234860464794e-01
2.660000000000000000e+02	9.974230812588853745e-02	8.199002889284244533e-02	1.174945873589346296e-01
2.670000000000000000e+02	1.053294791205694192e-01	8.602421718180035259e-02	1.246347410593384858e-01
2.680000000000000000e+02	1.015636820507971744e-01	8.337020770723017893e-02	1.197571563943641698e-01
2.690000000000000000e+02	1.002724007360878550e-01	8.176878271523707609e-02	1.187760187569386339e-01
2.700000000000000000e+02	9.803737324061423397e-02	7.926382540806170551e-02	1.168109210731667624e-01
2.710000000000000000e+02	9.481880961503059979e-02	7.677406598136603255e-02	1.128635532486951670e-01
2.720000000000000000e+02	9.900242425780765576e-02	7.988980483912166974e-02	1.181150436764936418e-01
2.730000000000000000e+02	9.334013329145070259e-02	7.446878017356553525e-02	1.122114864093358699e-01
2.740000000000000000e+02	9.555440986244984058e-02	7.723150192656055846e-02	1.138773177983391227e-01
2.750000000000000000e+02	9.383099893374756417e-02	7.593696925454349045e-02	1.117250286129516379e-01
2.760000000000000000e+02	9.169895970871853874e-02	7.306235138307121124e-02	1.103355680343658662e-01
2.770000000000000000e+02	9.385198583917198079e-02	7.534835758637045688e-02	1.123556140919735047e-01
2.780000000000000000e+02	8.760041782662353338e-02	6.964989912549188200e-02	1.055509365277551848e-01
2.790000000000000000e+02	8.845802600171168151e-02	7.105010811061018838e-02	1.058659438928131746e-01
2.800000000000000000e+02	9.053683048469218786e-02	7.216041291290445359e-02	1.089132480564799221e-01
2.810000000000000000e+02	8.746629995682693448e-02	7.020889746865541237e-02	1.047237024449984566e-01
2.820000000000000000e+02	8.725476158418508932e-02	6.871926200543543306e-02	1.057902611629347456e-01
2.830000000000000000e+02	8.218117198721947014e-02	6.492796657851197806e-02	9.943437739592696223e-02
2.840000000000000000e+02	8.571814647514436336e-02	6.755749386878576179e-02	1.038787990815029649e-01
2.850000000000000000e+02	8.239920316942965506e-02	6.492555519956438870e-02	9.987285113929492142e-02
2.860000000000000000e+02	8.201273283715164453e-02	6.423930177037755207e-02	9.978616390392573698e-02
2.870000000000000000e+02	8.113315452935213057e-02	6.388667092376608403e-02	9.837963813493817711e-02
2.880000000000000000e+02	8.089481157101874320e-02	6.386120427912736486e-02	9.792841886291012155e-02
2.890000000000000000e+02	8.126890632711061824e-02	6.260321351867231821e-02	9.993459913554891827e-02
2.900000000000000000e+02	7.664668377202132898e-02	5.957327976751063126e-02	9.372008777653202671e-02
2.910000000000000000e+02	7.804007212741066735e-02	6.077401497366320682e-02	9.530612928115812787e-02
2.920000000000000000e+02	7.712602483775074513e-02	5.996413239713774268e-02	9.428791727836374759e-02
2.930000000000000000e+02	7.686760315197610494e-02	5.933172671830424377e-02	9.440347958564795916e-02
2.940000000000000000e+02	7.531999768367661496e-02	5.802191126777585944e-02	9.261808409957736354e-02
2.950000000000000000e+02	7.229585370174386461e-02	5.657858727209662958e-02	8.801312013139109269e-02
2.960000000000000000e+02	7.321812963995037726e-02	5.735553171937510242e-02	8.908072756052565211e-02
2.970000000000000000e+02	7.294859805333633873e-02	5.725601259989061137e-02	8.864118350678207303e-02
2.980000000000000000e+02	7.325930836754783460e-02	5.728955510933552570e-02	8.922906162576013656e-02
2.990000000000000000e+02	7.011608671564598105e-02	5.421315635094273166e-02	8.601901708034923044e-02
3.000000000000000000e+02	6.862326653304444413e-02	5.315267177029890655e-02	8.409386129578998170e-02
3.010000000000000000e+02	7.256052325607659226e-02	5.695860394686712291e-02	8.816244256528606160e-02
3.020000000000000000e+02	6.685521108619746355e-02	5.172077447974100795e-02	8.198964769265391916e-02
3.030000000000000000e+02	6.880908776633699875e-02	5.366516669070725554e-02	8.395300884196674196e-02
3.040000000000000000e+02	6.378092505765073361e-02	4.987353733204094586e-02	7.768831278326052137e-02
3.050000000000000000e+02	6.811414671714145774e-02	5.305115514079025707e-02	8.317713829349265842e-02
3.060000000000000000e+02	6.477777155534934772e-02	5.065251037438030235e-02	7.890303273631839309e-02
3.070000000000000000e+02	6.155061521240094702e-02	4.804785045764958101e-02	7.505337996715230608e-02
3.080000000000000000e+02	6.489090239994961540e-02	5.092647054347498869e-02	7.885533425642424210e-02
3.090000000000000000e+02	6.220818919522096146e-02	4.939180548998443887e-02	7.502457290045748406e-02
3.100000000000000000e+02	6.363890576364536478e-02	4.963982379477744483e-02	7.763798773251329166e-02
3.110000000000000000e+02	6.097594842996544723e-02	4.769394221938193235e-02	7.425795464054896211e-02
3.120000000000000000e+02	5.874418832216745517e-02	4.593138781145512939e-02	7.155698883287978096e-02
3.130000000000000000e+02	6.231447736903394236e-02	4.894297075611724751e-02	7.568598398195064414e-02
3.140000000000000000e+02	5.831049445110389473e-02	4.549400221765362989e-02	7.112698668455416651e-02
3.150000000000000000e+02	5.994355196456609136e-02	4.701837818795265300e-02	7.286872574117952972e-02
3.160000000000000000e+02	5.731609208797178168e-02	4.423053089126451065e-02	7.040165328467905270e-02
3.170000000000000000e+02	5.660168981501172147e-02	4.395539900506410802e-02	6.924798062495933493e-02
3.180000000000000000e+02	5.959722085590093282e-02	4.629229534395091356e-02	7.290214636785094515e-02
3.190000000000000000e+02	5.468044707830956724e-02	4.232456454949251601e-02	6.703632960712661848e-02
3.200000000000000000e+02	5.694273301306265744e-02	4.420645764660548899e-02	6.967900837951981896e-02
3.210000000000000000e+02	5.367090360938222421e-02	4.174187364380714527e-02	6.559993357495730315e-02
3.220000000000000000e+02	5.463293829175847049e-02	4.215010376718418550e-02	6.711577281633275549e-02
3.230000000000000000e+02	5.395522486761732128e-02	4.144878437304421598e-02	6.646166536219043353e-02
3.240000000000000000e+02	5.227132733674538789e-02	4.023963399438044986e-02	6.430302067911032593e-02
3.250000000000000000e+02	5.290125544213482994e-02	4.112147881080933237e-02	6.468103207346032058e-02
3.260000000000000000e+02	5.240049073036671945e-02	4.082780227219161284e-02	6.397317918854182606e-02
3.270000000000000000e+02	5.164122894813177184e-02	3.969820700611608605e-02	6.358425089014746456e-02
3.280000000000000000e+02	5.097074929419671829e-02	3.959361895613982413e-02	6.234787963225361246e-02
3.290000000000000000e+02	4.859321080023110140e-02	3.742282693790227599e-02	5.976359466255992681e-02
3.300000000000000000e+02	5.155864686264385183e-02	3.984110723773778145e-02	6.327618648754992914e-02
3.310000000000000000e+02	4.893173703081694220e-02	3.765712224591608731e-02	6.020635181571779709e-02
3.320000000000000000e+02	4.834878765352015190e-02	3.735843367577128260e-02	5.933914163126902119e-02
3.330000000000000000e+02	4.738986047530825002e-02	3.660691391067093237e-02	5.817280703994556768e-02
3.340000000000000000e+02	4.687219838537950989e-02	3.616642240300885908e-02	5.757797436775016070e-02
3.350000000000000000e+02	4.800449894712885412e-02	3.715680772062752990e-02	5.885219017363017835e-02
3.360000000000000000e+02	4.528543693961748634e-02	3.468395496491348540e-02	5.588691891432148728e-02
3.370000000000000000e+02	4.545716146922566814e-02	3.519796579528901292e-02	5.571635714316232335e-02
3.380000000000000000e+02	4.494848002725886082e-02	3.478140105198117976e-02	5.511555900253654189e-02
3.390000000000000000e+02	4.489581461190988998e-02	3.445829125189071862e-02	5.533333797192906134e-02
3.400000000000000000e+02	4.394508683540541277e-02	3.382029599737991499e-02	5.406987767343091056e-02
3.410000000000000000e+02	4.263105650039488576e-02	3.257237954479421521e-02	5.268973345599555630e-02
3.420000000000000000e+02	4.408968016596867545e-02	3.401815596779930728e-02	5.416120436413804362e-02
3.430000000000000000e+02	4.207823533816813094e-02	3.231528404716352276e-02	5.184118662917273912e-02
3.440000000000000000e+02	4.258618573865907003e-02	3.258597052412123829e-02	5.258640095319690178e-02
3.450000000000000000e+02	4.134617933203579843e-02	3.169276210598123006e-02	5.099959655809036679e-02
3.460000000000000000e+02	3.983485383500237620e-02	3.050495680052532632e-02	4.916475086947942608e-02
3.470000000000000000e+02	4.070461263600298057e-02	3.105650806051475643e-02	5.035271721149120472e-02
3.480000000000000000e+02	3.999469356955079324e-02	3.056285390239573893e-02	4.942653323670584409e-02
3.490000000000000000e+02	4.042819030252380735e-02	3.091471094760413554e-02	4.994166965744348263e-02
3.500000000000000000e+02	3.886317493486954322e-02	2.958781254626600965e-02	4.813853732347307679e-02
3.510000000000000000e+02	3.826021867972008439e-02	2.923173530176696386e-02	4.728870205767320145e-02
3.520000000000000000e+02	3.882131849537685114e-02	2.913732990309136905e-02	4.850530708766233323e-02
3.530000000000000000e+02	3.714766540601181777e-02	2.802741685627817281e-02	4.626791395574546273e-02
3.540000000000000000e+02	3.816129273217625656e-02	2.889650588835827871e-02	4.742607957599423441e-02
3.550000000000000000e+02	3.607820056104848322e-02	2.762891691754479698e-02	4.452748420455217293e-02
3.560000000000000000e+02	3.694342068071861801e-02	2.823755134098619030e-02	4.564929002045104572e-02
3.570000000000000000e+02	3.600396706907504213e-02	2.738588978342871433e-02	4.462204435472136993e-02
3.580000000000000000e+02	3.423657033417502882e-02	2.617135010587060343e-02	4.230179056247945768e-02
3.590000000000000000e+02	3.610231157822262060e-02	2.799707309438898006e-02	4.420755006205626114e-02
3.600000000000000000e+02	3.430879308726181298e-02	2.601547762333265151e-02	4.260210855119097445e-02
3.610000000000000000e+02	3.518524607244448432e-02	2.684488178359644567e-02	4.352561036129252298e-02
3.620000000000000000e+02	3.380981920968503807e-02	2.617449618370045264e-02	4.144514223566962696e-02
3.630000000000000000e+02	3.361704376433289482e-02	2.576146724884452455e-02	4.147262027982126509e-02
3.640000000000000000e+02	3.293605974322801055e-02	2.525563039962815462e-02	4.061648908682786996e-02
3.650000000000000000e+02	3.253430734351354936e-02	2.477750044692117459e-02	4.029111424010592413e-02
3.660000000000000000e+02	3.304374269247219165e-02	2.498794492353811902e-02	4.109954046140626427e-02
3.670000000000000000e+02	3.222699250299801421e-02	2.435189777899976482e-02	4.010208722699626360e-02
3.680000000000000000e+02	3.157814312615062069e-02	2.371773811505928364e-02	3.943854813724195774e-02
3.690000000000000000e+02	3.179804415184191158e-02	2.391451418838657153e-02	3.968157411529725509e-02
3.700000000000000000e+02	3.033719164767697749e-02	2.299745878506267993e-02	3.767692451029127504e-02
3.710000000000000000e+02	3.083271787004283546e-02	2.349567610491645406e-02	3.816975963516922032e-02
3.720000000000000000e+02	2.924720054731309860e-02	2.226463143515151899e-02	3.622976965947467820e-02
3.730000000000000000e+02	3.062426689865863777e-02	2.319493243163850416e-02	3.805360136567877138e-02
3.740000000000000000e+02	2.946310300135001128e-02	2.230688973023701310e-02	3.661931627246300947e-02
3.750000000000000000e+02	2.859374331323169191e-02	2.156696874657461349e-02	3.562051787988877033e-02
3.760000000000000000e+02	2.880467365360384058e-02	2.168964088931450707e-02	3.591970641789317409e-02
3.770000000000000000e+02	2.825281573316383230e-02	2.142706668705528228e-02	3.507856477927238231e-02
3.780000000000000000e+02	2.825409871889231206e-02	2.144900966302745737e-02	3.505918777475716674e-02
3.790000000000000000e+02	2.747905011955773663e-02	2.086921935725207650e-02	3.408888088186339677e-02
3.800000000000000000e+02	2.725151892547904645e-02	2.066645649924565495e-02	3.383658135171244141e-02
3.810000000000000000e+02	2.745401513068665422e-02	2.093183064312449659e-02	3.397619961824881185e-02
3.820000000000000000e+02	2.652173096019206852e-02	2.030365348871685655e-02	3.273980843166728050e-02
3.830000000000000000e+02	2.656808231944072715e-02	2.034056892113681944e-02	3.279559571774463139e-02
3.840000000000000000e+02	2.560770656711049142e-02	1.933520497789766382e-02	3.188020815632331556e-02
3.850000000000000000e+02	2.586745498406262458e-02	1.968846438735135859e-02	3.204644558077388711e-02
3.860000000000000000e+02	2.633932934293342285e-02	2.004970096280218883e-02	3.262895772306465686e-02
3.870000000000000000e+02	2.534750579820715249e-02	1.912801641174475403e-02	3.156699518466955096e-02
3.880000000000000000e+02	2.514807499377426023e-02	1.913334405106922181e-02	3.116280593647929864e-02
3.890000000000000000e+02	2.412952431638499054e-02	1.823042007612313276e-02	3.002862855664684832e-02
3.900000000000000000e+02	2.487436998716740719e-02	1.882971569073179502e-02	3.091902428360301935e-02
3.910000000000000000e+02	2.428356081366178296e-02	1.846549112871277015e-02	3.010163049861079576e-02
3.920000000000000000e+02	2.395352766899756097e-02	1.809154070636486561e-02	2.981551463163025634e-02
3.930000000000000000e+02	2.326048798962948930e-02	1.752074012733902814e-02	2.900023585191995046e-02
3.940000000000000000e+02	2.310697038271132542e-02	1.740029197623088261e-02	2.881364878919176822e-02
3.950000000000000000e+02	2.323173330881909970e-02	1.756632450885515020e-02	2.889714210878304920e-02
3.960000000000000000e+02	2.227235347248471276e-02	1.690287421101013127e-02	2.764183273395929424e-02
3.970000000000000000e+02	2.248203888782581567e-02	1.691139208407758943e-02	2.805268569157404190e-02
3.980000000000000000e+02	2.227834555843306169e-02	1.692957826332390156e-02	2.762711285354222182e-02
3.990000000000000000e+02	2.155977164293227527e-02	1.630693553191741099e-02	2.681260775394713955e-02
4.000000000000000000e+02	2.231850274908992598e-02	1.704810597051777121e-02	2.758889952766208076e-02
4.010000000000000000e+02	2.043682711870683372e-02	1.570050501073742139e-02	2.517314922667624605e-02
4.020000000000000000e+02	2.158561758349098955e-02	1.631506212270922296e-02	2.685617304427275615e-02
4.030000000000000000e+02	2.077164957402402937e-02	1.583499169602670814e-02	2.570830745202135059e-02
4.040000000000000000e+02	2.055547374309607891e-02	1.554821631566718695e-02	2.556273117052497088e-02
4.050000000000000000e+02	2.059421324613538648e-02	1.561647682275556920e-02	2.557194966951520376e-02
4.060000000000000000e+02	1.926060199184096225e-02	1.460848772341424504e-02	2.391271626026767946e-02
4.070000000000000000e+02	2.098477105223482686e-02	1.587617468976835686e-02	2.609336741470129686e-02
4.080000000000000000e+02	1.889703013269752527e-02	1.439943504191666147e-02	2.339462522347839080e-02
4.090000000000000000e+02	1.975559050056576588e-02	1.494985309689370045e-02	2.456132790423783130e-02
4.100000000000000000e+02	1.903654262637748465e-02	1.449289737582040195e-02	2.358018787693456908e-02
4.110000000000000000e+02	1.857986139008977605e-02	1.411445385214021506e-02	2.304526892803933705e-02
4.120000000000000000e+02	1.951723806605949046e-02	1.483117942611086697e-02	2.420329670600811223e-02
4.130000000000000000e+02	1.807745082704605155e-02	1.377419778349633223e-02	2.238070387059577088e-02
4.140000000000000000e+02	1.847341606017889604e-02	1.406009212475657633e-02	2.288673999560121575e-02
4.150000000000000000e+02	1.816710081215300657e-02	1.375756354149743413e-02	2.257663808280857901e-02
4.160000000000000000e+02	1.772022839035702554e-02	1.355858462372757506e-02	2.188187215698647603e-02
4.170000000000000000e+02	1.836750233348898032e-02	1.396001130470981601e-02	2.277499336226814636e-02
4.180000000000000000e+02	1.698699854161816319e-02	1.285652980372807910e-02	2.111746727950824729e-02
4.190000000000000000e+02	1.776608723261910439e-02	1.360524412384653617e-02	2.192693034139167260e-02
4.200000000000000000e+02	1.726039842130845312e-02	1.304860572754806131e-02	2.147219111506884492e-02
4.210000000000000000e+02	1.652854695966563675e-02	1.266711750529222157e-02	2.038997641403905367e-02
4.220000000000000000e+02	1.714905527140137692e-02	1.288767379298172769e-02	2.141043674982102615e-02
4.230000000000000000e+02	1.627140386619091092e-02	1.218831552588507672e-02	2.035449220649674512e-02
4.240000000000000000e+02	1.703791929952421999e-02	1.292494678479996599e-02	2.115089181424847226e-02
4.250000000000000000e+02	1.599557631380541661e-02	1.195957096631028622e-02	2.003158166130054874e-02
4.260000000000000000e+02	1.592365713731029586e-02	1.194204134176553127e-02	1.990527293285505872e-02
4.270000000000000000e+02	1.588211254590744456e-02	1.193382171258151186e-02	1.983040337923337726e-02
4.280000000000000000e+02	1.536773130581418900e-02	1.149401975429614406e-02	1.924144285733223395e-02
4.290000000000000000e+02	1.599416739652184671e-02	1.199277568408775585e-02	1.999555910895593758e-02
4.300000000000000000e+02	1.533069125043072176e-02	1.149574303310708923e-02	1.916563946775435429e-02
4.310000000000000000e+02	1.501711385021995034e-02	1.127233660235294789e-02	1.876189109808695105e-02
4.320000000000000000e+02	1.500620041335015697e-02	1.128982138875897837e-02	1.872257943794133558e-02
4.330000000000000000e+02	1.472651774997409471e-02	1.113301025574607236e-02	1.832002524420211706e-02
4.340000000000000000e+02	1.492801855634789780e-02	1.123819903486070887e-02	1.861783807783508674e-02
4.350000000000000000e+02	1.439053917198550823e-02	1.058880626207962979e-02	1.819227208189138495e-02
4.360000000000000000e+02	1.433944596209061131e-02	1.085739492113306157e-02	1.782149700304816106e-02
4.370000000000000000e+02	1.401697825808277675e-02	1.046798082151988683e-02	1.756597569464566494e-02
4.380000000000000000e+02	1.392209516175419576e-02	1.047765418319839686e-02	1.736653614030999465e-02
4.390000000000000000e+02	1.384225681025372419e-02	1.032438474530466242e-02	1.736012887520278769e-02
4.400000000000000000e+02	1.341185442499235290e-02	1.000244070063864912e-02	1.682126814934605669e-02
4.410000000000000000e+02	1.405454009842896715e-02	1.055270633283688850e-02	1.755637386402104580e-02
4.420000000000000000e+02	1.322569590255518596e-02	9.874806824654157322e-03	1.657658498045621459e-02
4.430000000000000000e+02	1.334425333198340467e-02	9.971225729394937037e-03	1.671728093457187231e-02
4.440000000000000000e+02	1.287950249467339353e-02	9.573915992497152722e-03	1.618508899684963434e-02
4.450000000000000000e+02	1.299784642379529787e-02	9.812661604091946904e-03	1.618303124349864883e-02
4.460000000000000000e+02	1.272454658829042656e-02	9.470504492720589404e-03	1.597858868386026199e-02
4.470000000000000000e+02	1.273599582579055742e-02	9.467715302047905596e-03	1.600427634953320924e-02
4.480000000000000000e+02	1.261973499994598243e-02	9.414919975141992220e-03	1.582455002474997263e-02
4.490000000000000000e+02	1.246712647952871213e-02	9.392533775044363542e-03	1.554171918401306071e-02
4.500000000000000000e+02	1.231533767733945968e-02	9.282624421513103671e-03	1.534805093316581569e-02
4.510000000000000000e+02	1.189297059903729990e-02	8.752001577873291457e-03	1.503393962020130835e-02
4.520000000000000000e+02	1.185484704679583105e-02	8.830054459621447180e-03	1.487963963397021493e-02
4.530000000000000000e+02	1.221891906524631699e-02	9.129914093424857519e-03	1.530792403706777646e-02
4.540000000000000000e+02	1.165090501868390992e-02	8.709866135628387129e-03	1.459194390173943270e-02
4.550000000000000000e+02	1.167428160659861325e-02	8.747847871344617554e-03	1.460071534185260894e-02
4.560000000000000000e+02	1.127707509824144548e-02	8.486610518202411871e-03	1.406753967828047909e-02
4.570000000000000000e+02	1.135494712608631218e-02	8.419372426226055806e-03	1.429052182594656856e-02
4.580000000000000000e+02	1.146989555569502724e-02	8.494178193875111943e-03	1.444561291751494253e-02
4.590000000000000000e+02	1.101771030957983746e-02	8.291889152058133650e-03	1.374353146710154128e-02
4.600000000000000000e+02	1.130606062032900837e-02	8.427583255711967869e-03	1.418453798494604887e-02
4.610000000000000000e+02	1.055914123671975770e-02	7.940832349149292910e-03	1.317745012429022249e-02
4.620000000000000000e+02	1.110584178668139362e-02	8.364396680240708884e-03	1.384728689312207835e-02
4.630000000000000000e+02	1.082773564506043888e-02	8.105244749483885708e-03	1.355022654063699206e-02
4.640000000000000000e+02	1.028292238444484565e-02	7.703151607586194126e-03	1.286269316130349630e-02
4.650000000000000000e+02	1.071809425291821508e-02	7.991565581352649134e-03	1.344462292448378102e-02
4.660000000000000000e+02	1.020025303490781389e-02	7.628743488146358734e-03	1.277176258166926905e-02
4.670000000000000000e+02	1.063016431088089839e-02	7.955043145007967623e-03	1.330528547675382915e-02
4.680000000000000000e+02	1.011548824719822083e-02	7.590821887269512402e-03	1.264015460712692926e-02
4.690000000000000000e+02	9.818540047960485143e-03	7.290592076341390060e-03	1.234648801957958023e-02
4.700000000000000000e+02	1.035355652959917341e-02	7.762924094294364891e-03	1.294418896490398194e-02
4.710000000000000000e+02	9.800688162878429602e-03	7.319336416957901437e-03	1.228203990879895777e-02
4.720000000000000000e+02	1.011970874727787656e-02	7.548157392086254740e-03	1.269126010246949751e-02
4.730000000000000000e+02	9.516369809446983616e-03	7.111358027125836215e-03	1.192138159176813102e-02
4.740000000000000000e+02	9.570828762744241006e-03	7.071040124216157116e-03	1.207061740127232490e-02
4.750000000000000000e+02	9.689774454113809013e-03	7.138291711713247098e-03	1.224125719651437093e-02
4.760000000000000000e+02	9.282674423548615758e-03	6.819450392222190828e-03	1.174589845487504156e-02
4.770000000000000000e+02	9.515150735141560470e-03	7.093184468689458545e-03	1.193711700159366326e-02
4.780000000000000000e+02	9.164114833439498953e-03	6.738050680512527174e-03	1.159017898636647073e-02
4.790000000000000000e+02	9.294720071608020967e-03	6.906884596821006098e-03	1.168255554639503584e-02
4.800000000000000000e+02	9.264910641185182538e-03	6.773376351929785016e-03	1.175644493044058006e-02
4.810000000000000000e+02	8.923149980042325083e-03	6.525637680523320786e-03	1.132066227956132938e-02
4.820000000000000000e+02	9.340864131306270482e-03	6.893300119631655051e-03	1.178842814298088591e-02
4.830000000000000000e+02	8.778007116453200379e-03	6.440793510756874507e-03	1.111522072214952625e-02
4.840000000000000000e+02	9.035259292451662191e-03	6.566619820689780992e-03	1.150389876421354339e-02
4.850000000000000000e+02	8.759469535376148558e-03	6.477859073709034410e-03	1.104107999704326271e-02
4.860000000000000000e+02	8.620566037226880945e-03	6.253434584827003220e-03	1.098769748962675867e-02
4.870000000000000000e+02	8.792466254062084388e-03	6.398722562316467612e-03	1.118620994580770203e-02
4.880000000000000000e+02	8.506880668997386652e-03	6.191061577224408335e-03	1.082269976077036497e-02
4.890000000000000000e+02	8.491980069170007930e-03	6.187466714116008487e-03	1.079649342422400737e-02
4.900000000000000000e+02	8.375502449281721148e-03	6.076601759344555168e-03	1.067440313921888713e-02
4.910000000000000000e+02	8.304719921275842409e-03	6.041019602585998363e-03	1.056842023996568646e-02
4.920000000000000000e+02	8.394364482210248807e-03	6.103134440265342055e-03	1.068559452415515643e-02
4.930000000000000000e+02	8.037448943485415651e-03	5.805712991179379223e-03	1.026918489579145208e-02
4.940000000000000000e+02	8.290956393070746458e-03	5.922947248101719311e-03	1.065896553803977360e-02
4.950000000000000000e+02	8.000294457586891797e-03	5.836515147103883347e-03	1.016407376806990025e-02
4.960000000000000000e+02	8.233895018788810541e-03	5.910579924629530066e-03	1.055721011294809102e-02
4.970000000000000000e+02	7.890983482048639572e-03	5.632335856294403038e-03	1.014963110780287697e-02
4.980000000000000000e+02	7.748620048449453984e-03	5.542092696682712587e-03	9.955147400216194514e-03
4.990000000000000000e+02	7.967673832533616468e-03	5.669233588311253097e-03	1.026611407675597984e-02
5.000000000000000000e+02	7.893464254759795934e-03	5.688309557689178592e-03	1.009861895183041328e-02
5.010000000000000000e+02	7.855083606542896321e-03	5.637565839132252163e-03	1.007260137395354048e-02
5.020000000000000000e+02	7.650304515317988066e-03	5.455143383225060164e-03	9.845465647410915969e-03
5.030000000000000000e+02	7.641359604978169469e-03	5.456155694579616772e-03	9.826563515376722166e-03
5.040000000000000000e+02	7.794537458731845732e-03	5.562396865970663934e-03	1.002667805149302753e-02
5.050000000000000000e+02	7.643972397125942987e-03	5.509683188132948051e-03	9.778261606118937924e-03
5.060000000000000000e+02	7.673234569883793064e-03	5.420357289528965686e-03	9.926111850238620443e-03
5.070000000000000000e+02	7.382781943870094649e-03	5.281149920373977291e-03	9.484413967366212006e-03
5.080000000000000000e+02	7.823775619570472878e-03	5.537445515286110870e-03	1.011010572385483489e-02
5.090000000000000000e+02	7.591499996680506172e-03	5.410104568844430542e-03	9.772895424516581803e-03
5.100000000000000000e+02	7.553793470042115092e-03	5.322449305100164681e-03	9.785137634984064636e-03
