0.000000000000000000e+00	9.500071313842399334e+00	7.836072137433041540e+00	1.116407049025175624e+01
1.000000000000000000e+00	2.346587747405898927e+00	1.681424062866437641e+00	3.011751431945360213e+00
2.000000000000000000e+00	6.339956755375173003e+00	5.534872242688710919e+00	7.145041268061635087e+00
3.000000000000000000e+00	2.714518909045113837e+00	2.129052971811328021e+00	3.299984846278899653e+00
4.000000000000000000e+00	4.923423529029427925e+00	4.179645064885223249e+00	5.667201993173632601e+00
5.000000000000000000e+00	1.336394522597512902e+00	9.878242660108320639e-01	1.684964779184193739e+00
6.000000000000000000e+00	1.145339978483149501e+00	9.727208658536509178e-01	1.317959091112648196e+00
7.000000000000000000e+00	6.693858911845803616e-01	5.538825780836713619e-01	7.848892042854893614e-01
8.000000000000000000e+00	5.155163046233144364e-01	4.128811048342835854e-01	6.181515044123453428e-01
9.000000000000000000e+00	3.718655031820622958e-01	3.113812617923932269e-01	4.323497445717313648e-01
1.000000000000000000e+01	3.000740027522832976e-01	2.520254005936153896e-01	3.481226049109512055e-01
1.100000000000000000e+01	2.484061270209912131e-01	2.028001022115197283e-01	2.940121518304626980e-01
1.200000000000000000e+01	2.047778414188029805e-01	1.686379363616179738e-01	2.409177464759879872e-01
1.300000000000000000e+01	1.789179785650260313e-01	1.481582937286743951e-01	2.096776634013776675e-01
1.400000000000000000e+01	1.524026035740566887e-01	1.295471532676048254e-01	1.752580538805085519e-01
1.500000000000000000e+01	1.380999735230968584e-01	1.169413460787982612e-01	1.592586009673954694e-01
1.600000000000000000e+01	1.182723655205053931e-01	1.015281730187071879e-01	1.350165580223036121e-01
1.700000000000000000e+01	1.039539406738241717e-01	9.007628183076518691e-02	1.178315995168831565e-01
1.800000000000000000e+01	9.377529586193208977e-02	8.070478452255923363e-02	1.068458072013049459e-01
1.900000000000000000e+01	8.843667870782594143e-02	7.343416954534166818e-02	1.034391878703102147e-01
2.000000000000000000e+01	7.890564370639839564e-02	6.530064046184456961e-02	9.251064695095222168e-02
2.100000000000000000e+01	7.093210106536006199e-02	5.834639508364700827e-02	8.351780704707312264e-02
2.200000000000000000e+01	6.645905419266609493e-02	5.497630404161593654e-02	7.794180434371625332e-02
2.300000000000000000e+01	6.012283881507508865e-02	5.043748669745429930e-02	6.980819093269587106e-02
2.400000000000000000e+01	5.558635486279191879e-02	4.738197200137265336e-02	6.379073772421117727e-02
2.500000000000000000e+01	5.170250355410094256e-02	4.433553772996200182e-02	5.906946937823988331e-02
2.600000000000000000e+01	4.824617617260493901e-02	4.073884884434828685e-02	5.575350350086159118e-02
2.700000000000000000e+01	4.403329578778625991e-02	3.690630222744670924e-02	5.116028934812581058e-02
2.800000000000000000e+01	4.124992890607227097e-02	3.497167613484414989e-02	4.752818167730039206e-02
2.900000000000000000e+01	3.960461791250424052e-02	3.428300542241230486e-02	4.492623040259617617e-02
3.000000000000000000e+01	3.678246729945567478e-02	3.123892409675873769e-02	4.232601050215260841e-02
3.100000000000000000e+01	3.496262745295131147e-02	3.017784795029539863e-02	3.974740695560722431e-02
3.200000000000000000e+01	3.247878808663290373e-02	2.850550261948011158e-02	3.645207355378569242e-02
3.300000000000000000e+01	3.070265570118521289e-02	2.677401125622442049e-02	3.463130014614600183e-02
3.400000000000000000e+01	2.830629337730716788e-02	2.415329897204916004e-02	3.245928778256517572e-02
3.500000000000000000e+01	2.704745575361987286e-02	2.305136300169600971e-02	3.104354850554373602e-02
3.600000000000000000e+01	2.570437386004419469e-02	2.248986760075120939e-02	2.891888011933718000e-02
3.700000000000000000e+01	2.452102607861258304e-02	2.085085135540806420e-02	2.819120080181710189e-02
3.800000000000000000e+01	2.374702588608530729e-02	2.048063312540480616e-02	2.701341864676580842e-02
3.900000000000000000e+01	2.217028693941230574e-02	1.964319583792634855e-02	2.469737804089826294e-02
4.000000000000000000e+01	2.132808817420323369e-02	1.822114393901391738e-02	2.443503240939255000e-02
4.100000000000000000e+01	2.006893129547388313e-02	1.743141829478820834e-02	2.270644429615955792e-02
4.200000000000000000e+01	1.949944599640004647e-02	1.681080210586400822e-02	2.218808988693608472e-02
4.300000000000000000e+01	1.872734120067197361e-02	1.594398073817073977e-02	2.151070166317320745e-02
4.400000000000000000e+01	1.764480205864947179e-02	1.516708153791597978e-02	2.012252257938296554e-02
4.500000000000000000e+01	1.725845843919013300e-02	1.473108261740649523e-02	1.978583426097376904e-02
4.600000000000000000e+01	1.672772322716258378e-02	1.429138213836806531e-02	1.916406431595710225e-02
4.700000000000000000e+01	1.581041307090937445e-02	1.345777817265928974e-02	1.816304796915945916e-02
4.800000000000000000e+01	1.515784360712922260e-02	1.321305246158314267e-02	1.710263475267530253e-02
4.900000000000000000e+01	1.479818070745090100e-02	1.274447401682152203e-02	1.685188739808027997e-02
5.000000000000000000e+01	1.386802896863999386e-02	1.203014865741752759e-02	1.570590927986246013e-02
5.100000000000000000e+01	1.347518863393840256e-02	1.161726892651882698e-02	1.533310834135797815e-02
5.200000000000000000e+01	1.258727074364134405e-02	1.080535981260729098e-02	1.436918167467539711e-02
5.300000000000000000e+01	1.239801431309419007e-02	1.062481296707536507e-02	1.417121565911301506e-02
5.400000000000000000e+01	1.177018609455637334e-02	1.011831041762692972e-02	1.342206177148581696e-02
5.500000000000000000e+01	1.158251137041258969e-02	1.000910154019165818e-02	1.315592120063352119e-02
5.600000000000000000e+01	1.108553889091202366e-02	9.694926778296933390e-03	1.247615100352711393e-02
5.700000000000000000e+01	1.077417578923382628e-02	9.400936273286610717e-03	1.214741530518104184e-02
5.800000000000000000e+01	1.031164458618794889e-02	8.956415528204692347e-03	1.166687364417120544e-02
5.900000000000000000e+01	9.924978483165054072e-03	8.505916245950168736e-03	1.134404072037993941e-02
6.000000000000000000e+01	9.728072270332633817e-03	8.235448168950635847e-03	1.122069637171463179e-02
6.100000000000000000e+01	9.334659205443386620e-03	7.973768104479781599e-03	1.069555030640699164e-02
6.200000000000000000e+01	8.933968767798498856e-03	7.729411846156481955e-03	1.013852568944051576e-02
6.300000000000000000e+01	8.695175635100711037e-03	7.513769797794266417e-03	9.876581472407155657e-03
6.400000000000000000e+01	8.518822900148752958e-03	7.222983335905666658e-03	9.814662464391839258e-03
6.500000000000000000e+01	8.246560967048999907e-03	7.024497567725723410e-03	9.468624366372276405e-03
6.600000000000000000e+01	7.975288297748010791e-03	6.740055540242659640e-03	9.210521055253361941e-03
6.700000000000000000e+01	7.705202260283484407e-03	6.575175369567809458e-03	8.835229150999159356e-03
6.800000000000000000e+01	7.450250408675630071e-03	6.276915231288935151e-03	8.623585586062324990e-03
6.900000000000000000e+01	7.210413734946650999e-03	6.190695011962658693e-03	8.230132457930644171e-03
7.000000000000000000e+01	6.977334616559019952e-03	5.960253133485018603e-03	7.994416099633021300e-03
7.100000000000000000e+01	6.751330632115474378e-03	5.735078750022920731e-03	7.767582514208028026e-03
7.200000000000000000e+01	6.596858970971557212e-03	5.635785304093259181e-03	7.557932637849855244e-03
7.300000000000000000e+01	6.388019955939456054e-03	5.338857057015988956e-03	7.437182854862923152e-03
7.400000000000000000e+01	6.269949757573115706e-03	5.391413379528934603e-03	7.148486135617296809e-03
7.500000000000000000e+01	6.072797581282513013e-03	5.191654749216785374e-03	6.953940413348240653e-03
7.600000000000000000e+01	5.866344306306860851e-03	4.843189101511642322e-03	6.889499511102079379e-03
7.700000000000000000e+01	5.656313595590728265e-03	4.868594445271152808e-03	6.444032745910303721e-03
7.800000000000000000e+01	5.508942302429720335e-03	4.672248382070219586e-03	6.345636222789221084e-03
7.900000000000000000e+01	5.346479506935006461e-03	4.549998876874227285e-03	6.142960136995785636e-03
8.000000000000000000e+01	5.160432469067841380e-03	4.443090185802797860e-03	5.877774752332884899e-03
8.100000000000000000e+01	5.075842925332057186e-03	4.371569259865048379e-03	5.780116590799065993e-03
8.200000000000000000e+01	4.885068800821218589e-03	4.181011678696443766e-03	5.589125922945993412e-03
8.300000000000000000e+01	4.820800876809502693e-03	4.139119651677335490e-03	5.502482101941669895e-03
8.400000000000000000e+01	4.650078227642547371e-03	3.983351334627262957e-03	5.316805120657831785e-03
8.500000000000000000e+01	4.518691677944653567e-03	3.824972540207963265e-03	5.212410815681344303e-03
8.600000000000000000e+01	4.469544714227387944e-03	3.806612266794164902e-03	5.132477161660610986e-03
8.700000000000000000e+01	4.352116649200304249e-03	3.646872607859111357e-03	5.057360690541496707e-03
8.800000000000000000e+01	4.233988795224435074e-03	3.574608448304990305e-03	4.893369142143879844e-03
8.900000000000000000e+01	4.119000265246408436e-03	3.474162195065400287e-03	4.763838335427416151e-03
9.000000000000000000e+01	4.012017123185096339e-03	3.409137683794580872e-03	4.614896562575611372e-03
9.100000000000000000e+01	3.974340759424259406e-03	3.295165661173630675e-03	4.653515857674888137e-03
9.200000000000000000e+01	3.878229255832681827e-03	3.266156091174827764e-03	4.490302420490536323e-03
9.300000000000000000e+01	3.743914160699120339e-03	3.181050710855288632e-03	4.306777610542952481e-03
9.400000000000000000e+01	3.614956247057529715e-03	3.110245415487066824e-03	4.119667078627992605e-03
9.500000000000000000e+01	3.531358315921287027e-03	2.995199884914807702e-03	4.067516746927766352e-03
9.600000000000000000e+01	3.467430382614884298e-03	2.965787892095004749e-03	3.969072873134763847e-03
9.700000000000000000e+01	3.370158562455819601e-03	2.829112904242807314e-03	3.911204220668831888e-03
9.800000000000000000e+01	3.274319913803079140e-03	2.809191654505715629e-03	3.739448173100442651e-03
9.900000000000000000e+01	3.212485585740766821e-03	2.708251372432834200e-03	3.716719799048699441e-03
1.000000000000000000e+02	3.154282445632489249e-03	2.651456617954583289e-03	3.657108273310395209e-03
1.010000000000000000e+02	3.074421412938684473e-03	2.611192406450520836e-03	3.537650419426848110e-03
1.020000000000000000e+02	3.012486152394383120e-03	2.563364115390122638e-03	3.461608189398643603e-03
1.030000000000000000e+02	2.949928990594166689e-03	2.467254258235797651e-03	3.432603722952535727e-03
1.040000000000000000e+02	2.849508158865456976e-03	2.425902185520197041e-03	3.273114132210716912e-03
1.050000000000000000e+02	2.812865468728757527e-03	2.359693539592381574e-03	3.266037397865133481e-03
1.060000000000000000e+02	2.750220912625834114e-03	2.323856042535134281e-03	3.176585782716533947e-03
1.070000000000000000e+02	2.677434276001115863e-03	2.254051457099024401e-03	3.100817094903207324e-03
1.080000000000000000e+02	2.616366297395759672e-03	2.215444636153597689e-03	3.017287958637921656e-03
1.090000000000000000e+02	2.546136405276441372e-03	2.137959969605137105e-03	2.954312840947745638e-03
1.100000000000000000e+02	2.485392297507290835e-03	2.068920653664681111e-03	2.901863941349900559e-03
1.110000000000000000e+02	2.435732348165212287e-03	2.024144545062112489e-03	2.847320151268312085e-03
1.120000000000000000e+02	2.371177310233808181e-03	1.979716803782952377e-03	2.762637816684663985e-03
1.130000000000000000e+02	2.328143185031781963e-03	1.959711800912281639e-03	2.696574569151282286e-03
1.140000000000000000e+02	2.262342011564286506e-03	1.885832998788480354e-03	2.638851024340092659e-03
1.150000000000000000e+02	2.220775400012877775e-03	1.866939953542999086e-03	2.574610846482756465e-03
1.160000000000000000e+02	2.159876031205528856e-03	1.822300181750631694e-03	2.497451880660426018e-03
1.170000000000000000e+02	2.113576130476866547e-03	1.795869447833561752e-03	2.431282813120171343e-03
1.180000000000000000e+02	2.047797247831674525e-03	1.739705497403922115e-03	2.355888998259426936e-03
1.190000000000000000e+02	2.024182931463610474e-03	1.701838280027270474e-03	2.346527582899950691e-03
1.200000000000000000e+02	1.979102749727862202e-03	1.689688860207707102e-03	2.268516639248017303e-03
1.210000000000000000e+02	1.934257169030575117e-03	1.619106573866356058e-03	2.249407764194794393e-03
1.220000000000000000e+02	1.884907378987427280e-03	1.585834845912170981e-03	2.183979912062683579e-03
1.230000000000000000e+02	1.839427934040685324e-03	1.548586875725523147e-03	2.130268992355847501e-03
1.240000000000000000e+02	1.791862197274501391e-03	1.520345454169948381e-03	2.063378940379054401e-03
1.250000000000000000e+02	1.750506493394830181e-03	1.464671744860303500e-03	2.036341241929356862e-03
1.260000000000000000e+02	1.719060871884479664e-03	1.446196453150488991e-03	1.991925290618470120e-03
1.270000000000000000e+02	1.682891463412516638e-03	1.417099227155119590e-03	1.948683699669913685e-03
1.280000000000000000e+02	1.640806801861467061e-03	1.396811469523438765e-03	1.884802134199495358e-03
1.290000000000000000e+02	1.610700490234392426e-03	1.348610883653542786e-03	1.872790096815242066e-03
1.300000000000000000e+02	1.582489933860772857e-03	1.353723184834545491e-03	1.811256682887000223e-03
1.310000000000000000e+02	1.565896144090965503e-03	1.312309856441448144e-03	1.819482431740482862e-03
1.320000000000000000e+02	1.515484841407329546e-03	1.266516506130757830e-03	1.764453176683901262e-03
1.330000000000000000e+02	1.499707728783539456e-03	1.245420093480645871e-03	1.753995364086433041e-03
1.340000000000000000e+02	1.478045822160441820e-03	1.239911571256594553e-03	1.716180073064289087e-03
1.350000000000000000e+02	1.427820337043684846e-03	1.198101012088910195e-03	1.657539661998459497e-03
1.360000000000000000e+02	1.414162576799207196e-03	1.192900744809409670e-03	1.635424408789004722e-03
1.370000000000000000e+02	1.381223314094007313e-03	1.158311817400297598e-03	1.604134810787717028e-03
1.380000000000000000e+02	1.351123206439720868e-03	1.129424925525792257e-03	1.572821487353649478e-03
1.390000000000000000e+02	1.323802281463088088e-03	1.113387182661512188e-03	1.534217380264663987e-03
1.400000000000000000e+02	1.278896291786564381e-03	1.065900476973309641e-03	1.491892106599819121e-03
1.410000000000000000e+02	1.261869803212275435e-03	1.066824242349333597e-03	1.456915364075217273e-03
1.420000000000000000e+02	1.248237762953664570e-03	1.057142802491610988e-03	1.439332723415718152e-03
1.430000000000000000e+02	1.210079921232530336e-03	1.017939584593656292e-03	1.402220257871404380e-03
1.440000000000000000e+02	1.182917087561971906e-03	1.004140290323071727e-03	1.361693884800872084e-03
1.450000000000000000e+02	1.163894558812758389e-03	9.745861289049852607e-04	1.353202988720531410e-03
1.460000000000000000e+02	1.123638267522927793e-03	9.555419992617560955e-04	1.291734535784099490e-03
1.470000000000000000e+02	1.110392854016721033e-03	9.441733920261677956e-04	1.276612316007274270e-03
1.480000000000000000e+02	1.097893929104816046e-03	9.344394397245652613e-04	1.261348418485066939e-03
1.490000000000000000e+02	1.065721390350866157e-03	9.047409907659953020e-04	1.226701789935737011e-03
1.500000000000000000e+02	1.047669978169974477e-03	8.905094419524010483e-04	1.204830514387548015e-03
1.510000000000000000e+02	1.026980332985961974e-03	8.604201386911138017e-04	1.193540527280810039e-03
1.520000000000000000e+02	9.988260245404922185e-04	8.416181802247997426e-04	1.156033868856184803e-03
1.530000000000000000e+02	9.730296157860893668e-04	8.138883959515418693e-04	1.132170835620636973e-03
1.540000000000000000e+02	9.593436994573636446e-04	8.143863792292626354e-04	1.104301019685464654e-03
1.550000000000000000e+02	9.469660049654381488e-04	7.913128139549398688e-04	1.102619195975936429e-03
1.560000000000000000e+02	9.239013706236392847e-04	7.728256869534743442e-04	1.074977054293804225e-03
1.570000000000000000e+02	9.082200046605545503e-04	7.578589092831012133e-04	1.058581100038007887e-03
1.580000000000000000e+02	8.861919252096668413e-04	7.444819240009963382e-04	1.027901926418337344e-03
1.590000000000000000e+02	8.690594828403393679e-04	7.269559843887016780e-04	1.011162981291977058e-03
1.600000000000000000e+02	8.652896157664713298e-04	7.141476470789014661e-04	1.016431584454041302e-03
1.610000000000000000e+02	8.336192534206125814e-04	6.974443991003965830e-04	9.697941077408285798e-04
1.620000000000000000e+02	8.283739191921035954e-04	6.836962464862139481e-04	9.730515918979932427e-04
1.630000000000000000e+02	8.029689134974858124e-04	6.642702612204535876e-04	9.416675657745180372e-04
1.640000000000000000e+02	7.846848496690199404e-04	6.509847511757433118e-04	9.183849481622965690e-04
1.650000000000000000e+02	7.671520521742035458e-04	6.450350194926066051e-04	8.892690848558004865e-04
1.660000000000000000e+02	7.603988819571182514e-04	6.273433989630905787e-04	8.934543649511459242e-04
1.670000000000000000e+02	7.419813909633646114e-04	6.219595481153758400e-04	8.620032338113533827e-04
1.680000000000000000e+02	7.294156247936233817e-04	6.052583912729211923e-04	8.535728583143255711e-04
1.690000000000000000e+02	7.177260473739488587e-04	6.040032175575455299e-04	8.314488771903521874e-04
1.700000000000000000e+02	7.110306988859372689e-04	5.984890117160827569e-04	8.235723860557917810e-04
1.710000000000000000e+02	6.935663250393020668e-04	5.859272813580065301e-04	8.012053687205976035e-04
1.720000000000000000e+02	6.742991149613735942e-04	5.596013172506843387e-04	7.889969126720628497e-04
1.730000000000000000e+02	6.593663791232635876e-04	5.511623218632581657e-04	7.675704363832690095e-04
1.740000000000000000e+02	6.554590276321228814e-04	5.465151091627803992e-04	7.644029461014653637e-04
1.750000000000000000e+02	6.381367139308151588e-04	5.274970044101758189e-04	7.487764234514544988e-04
1.760000000000000000e+02	6.202652782101948431e-04	5.135771350665682602e-04	7.269534213538214260e-04
1.770000000000000000e+02	6.095816550055516321e-04	5.043135598489750619e-04	7.148497501621282023e-04
1.780000000000000000e+02	5.968483678743335095e-04	4.961658868096622882e-04	6.975308489390047309e-04
1.790000000000000000e+02	5.815364196098824412e-04	4.828624368551851908e-04	6.802104023645796915e-04
1.800000000000000000e+02	5.760751058501023406e-04	4.733811155998999187e-04	6.787690961003047625e-04
1.810000000000000000e+02	5.702287417477258386e-04	4.685977991148534581e-04	6.718596843805982191e-04
1.820000000000000000e+02	5.554080351404938869e-04	4.560564071526899120e-04	6.547596631282978077e-04
1.830000000000000000e+02	5.469290345401573361e-04	4.531906885039945561e-04	6.406673805763200618e-04
1.840000000000000000e+02	5.373509554206220900e-04	4.490693016718272411e-04	6.256326091694169389e-04
1.850000000000000000e+02	5.229665321024982733e-04	4.362401568532283877e-04	6.096929073517681590e-04
1.860000000000000000e+02	5.168882400155011417e-04	4.334365049431688089e-04	6.003399750878334745e-04
1.870000000000000000e+02	5.076354782874401310e-04	4.231215191974259816e-04	5.921494373774542803e-04
1.880000000000000000e+02	4.998850590347635571e-04	4.141143624404154482e-04	5.856557556291116119e-04
1.890000000000000000e+02	4.888732307142694324e-04	4.056781197107087135e-04	5.720683417178301514e-04
1.900000000000000000e+02	4.817433410139230175e-04	4.006707892117075394e-04	5.628158928161384415e-04
1.910000000000000000e+02	4.760597796943733862e-04	3.876973878151162818e-04	5.644221715736304906e-04
1.920000000000000000e+02	4.672156492985509520e-04	3.878082608162692008e-04	5.466230377808327032e-04
1.930000000000000000e+02	4.569578488843862012e-04	3.802699477514560108e-04	5.336457500173163917e-04
1.940000000000000000e+02	4.547544972514844307e-04	3.752224458308977325e-04	5.342865486720711288e-04
1.950000000000000000e+02	4.450994630112917031e-04	3.641802146785298082e-04	5.260187113440535980e-04
1.960000000000000000e+02	4.326425732453197115e-04	3.600856863010482240e-04	5.051994601895911990e-04
1.970000000000000000e+02	4.233881062055454086e-04	3.485961243755076222e-04	4.981800880355831407e-04
1.980000000000000000e+02	4.196061307455272458e-04	3.488800443250263767e-04	4.903322171660281148e-04
1.990000000000000000e+02	4.089443536096504109e-04	3.344764921476466382e-04	4.834122150716541836e-04
2.000000000000000000e+02	4.011456668714367024e-04	3.357485428037516786e-04	4.665427909391217263e-04
2.010000000000000000e+02	3.919674804198570095e-04	3.243935950171146498e-04	4.595413658225993691e-04
2.020000000000000000e+02	3.882105669624387467e-04	3.207169564492186775e-04	4.557041774756588159e-04
2.030000000000000000e+02	3.810852493892101034e-04	3.143217918080381916e-04	4.478487069703820152e-04
2.040000000000000000e+02	3.728896989052779445e-04	3.083160751773727842e-04	4.374633226331831048e-04
2.050000000000000000e+02	3.691872340959429758e-04	3.065225179424794230e-04	4.318519502494065285e-04
2.060000000000000000e+02	3.621073934425292828e-04	3.008069898786954301e-04	4.234077970063631355e-04
2.070000000000000000e+02	3.588624891657966214e-04	2.948358804124023434e-04	4.228890979191908994e-04
2.080000000000000000e+02	3.441771641387426179e-04	2.862646291288245526e-04	4.020896991486606832e-04
2.090000000000000000e+02	3.428000794900765060e-04	2.815132003710434875e-04	4.040869586091095245e-04
2.100000000000000000e+02	3.351473674159545350e-04	2.757552554485404451e-04	3.945394793833686248e-04
2.110000000000000000e+02	3.286307062002334395e-04	2.731741593931947664e-04	3.840872530072721126e-04
2.120000000000000000e+02	3.209208660578919976e-04	2.628454279391652729e-04	3.789963041766187223e-04
2.130000000000000000e+02	3.208234960252509039e-04	2.629681615598920179e-04	3.786788304906097899e-04
2.140000000000000000e+02	3.112915400114739037e-04	2.583307584871901309e-04	3.642523215357576765e-04
2.150000000000000000e+02	3.055025827985258322e-04	2.522077588143642685e-04	3.587974067826873959e-04
2.160000000000000000e+02	2.988145977532309758e-04	2.494534666876484447e-04	3.481757288188135069e-04
2.170000000000000000e+02	2.934285938110288688e-04	2.405357199641358081e-04	3.463214676579219023e-04
2.180000000000000000e+02	2.866158756976989715e-04	2.381567639608299283e-04	3.350749874345680147e-04
2.190000000000000000e+02	2.834351587120018329e-04	2.339006982675095620e-04	3.329696191564941038e-04
2.200000000000000000e+02	2.762565953204308158e-04	2.299159663831780128e-04	3.225972242576835916e-04
2.210000000000000000e+02	2.719653087165170200e-04	2.240869657523780203e-04	3.198436516806560468e-04
2.220000000000000000e+02	2.646888772620680126e-04	2.188101637920727332e-04	3.105675907320632921e-04
2.230000000000000000e+02	2.640935875145956424e-04	2.178849106504524014e-04	3.103022643787388835e-04
2.240000000000000000e+02	2.580080253204208906e-04	2.128282133019941799e-04	3.031878373388475741e-04
2.250000000000000000e+02	2.541656030473196984e-04	2.066773052559152445e-04	3.016539008387241795e-04
2.260000000000000000e+02	2.497387093762789634e-04	2.068704318790847709e-04	2.926069868734731830e-04
2.270000000000000000e+02	2.441126080523195918e-04	1.985495498917269196e-04	2.896756662129122912e-04
2.280000000000000000e+02	2.409105549716325555e-04	1.992486812647407610e-04	2.825724286785243500e-04
2.290000000000000000e+02	2.350138389848592144e-04	1.921352293022650175e-04	2.778924486674534114e-04
2.300000000000000000e+02	2.309981083826590756e-04	1.894360334302270588e-04	2.725601833350911195e-04
2.310000000000000000e+02	2.259288304068372832e-04	1.857465797049957378e-04	2.661110811086788287e-04
2.320000000000000000e+02	2.237913653599956612e-04	1.834990864955086173e-04	2.640836442244827052e-04
2.330000000000000000e+02	2.187716578269668184e-04	1.797326314082629882e-04	2.578106842456706215e-04
2.340000000000000000e+02	2.153575912252723577e-04	1.753523930593742035e-04	2.553627893911705120e-04
2.350000000000000000e+02	2.116466846472691752e-04	1.723706040274446843e-04	2.509227652670936661e-04
2.360000000000000000e+02	2.065816915301191715e-04	1.691993485545567220e-04	2.439640345056816209e-04
2.370000000000000000e+02	2.045194389041707231e-04	1.665041125711118190e-04	2.425347652372296272e-04
2.380000000000000000e+02	2.013812757018612588e-04	1.638787748138121280e-04	2.388837765899103896e-04
2.390000000000000000e+02	1.979217423414451958e-04	1.608369107031164377e-04	2.350065739797739539e-04
2.400000000000000000e+02	1.944550476685730895e-04	1.576102819581377227e-04	2.312998133790084563e-04
2.410000000000000000e+02	1.925863776068338922e-04	1.558649862394663119e-04	2.293077689742014725e-04
2.420000000000000000e+02	1.886697595075114136e-04	1.529812113069939068e-04	2.243583077080289203e-04
2.430000000000000000e+02	1.837545560779916534e-04	1.496030920869777703e-04	2.179060200690055365e-04
2.440000000000000000e+02	1.799782017285229551e-04	1.471831657111254078e-04	2.127732377459205023e-04
2.450000000000000000e+02	1.780347873261258547e-04	1.445337283003087804e-04	2.115358463519429290e-04
2.460000000000000000e+02	1.739981945524383380e-04	1.420105982109312885e-04	2.059857908939453875e-04
2.470000000000000000e+02	1.729469261179729671e-04	1.409686803424361383e-04	2.049251718935097958e-04
2.480000000000000000e+02	1.678195543695698219e-04	1.370134483000774912e-04	1.986256604390621526e-04
2.490000000000000000e+02	1.669470454452042939e-04	1.363214908354404189e-04	1.975726000549681688e-04
2.500000000000000000e+02	1.620056046171181497e-04	1.324044194298629944e-04	1.916067898043733050e-04
2.510000000000000000e+02	1.606029194831145169e-04	1.309280588535756764e-04	1.902777801126533574e-04
2.520000000000000000e+02	1.564112504508518068e-04	1.269407832844657996e-04	1.858817176172378139e-04
2.530000000000000000e+02	1.545834155241576104e-04	1.260913606852182608e-04	1.830754703630969600e-04
2.540000000000000000e+02	1.522823260813008261e-04	1.241507038218854389e-04	1.804139483407162133e-04
2.550000000000000000e+02	1.494093664533262126e-04	1.233529838003663342e-04	1.754657491062860909e-04
2.560000000000000000e+02	1.460837173968720817e-04	1.191121518723854163e-04	1.730552829213587336e-04
2.570000000000000000e+02	1.442572003679033245e-04	1.181350088138709449e-04	1.703793919219357040e-04
2.580000000000000000e+02	1.420681995495330890e-04	1.162594641016195883e-04	1.678769349974465897e-04
2.590000000000000000e+02	1.394160891956273192e-04	1.143591557931147038e-04	1.644730225981399347e-04
2.600000000000000000e+02	1.373967624706652971e-04	1.113895985901666648e-04	1.634039263511639158e-04
2.610000000000000000e+02	1.346795048258228166e-04	1.097258658560730759e-04	1.596331437955725708e-04
2.620000000000000000e+02	1.335818603149263074e-04	1.087957378959084428e-04	1.583679827339441585e-04
2.630000000000000000e+02	1.307058398330566984e-04	1.057685745825108373e-04	1.556431050836025595e-04
2.640000000000000000e+02	1.286439550629877963e-04	1.045768186328858952e-04	1.527110914930896975e-04
2.650000000000000000e+02	1.273538083925949689e-04	1.028326441388828109e-04	1.518749726463071133e-04
2.660000000000000000e+02	1.250922692313233666e-04	1.009452955146992895e-04	1.492392429479474437e-04
2.670000000000000000e+02	1.238157777383219521e-04	9.912552637390034237e-05	1.485060291027435618e-04
2.680000000000000000e+02	1.213646206340614491e-04	9.829943689407103944e-05	1.444298043740518587e-04
2.690000000000000000e+02	1.189637845013128759e-04	9.621158040855454208e-05	1.417159885940712097e-04
2.700000000000000000e+02	1.171585634343770408e-04	9.502108856280564570e-05	1.392960383059484359e-04
2.710000000000000000e+02	1.163001571949823400e-04	9.446592889400762206e-05	1.381343854959570579e-04
2.720000000000000000e+02	1.130879972142529425e-04	9.215678824823892823e-05	1.340192061802669568e-04
2.730000000000000000e+02	1.127634221934576482e-04	9.072404619327956925e-05	1.348027981936357272e-04
2.740000000000000000e+02	1.105210844845089962e-04	8.939092450598084064e-05	1.316512444630371518e-04
2.750000000000000000e+02	1.090078989091699272e-04	8.717838109414636366e-05	1.308374167241934771e-04
2.760000000000000000e+02	1.065433273888566384e-04	8.566871538619121084e-05	1.274179393915220659e-04
2.770000000000000000e+02	1.050520384371929323e-04	8.426466298206919197e-05	1.258394138923166726e-04
2.780000000000000000e+02	1.025385405441247736e-04	8.227940887712270059e-05	1.227976722111268602e-04
2.790000000000000000e+02	1.011111815334046022e-04	8.084996821205551749e-05	1.213723948547536870e-04
2.800000000000000000e+02	9.966360782122226584e-05	7.934516519544568139e-05	1.199820504469988503e-04
2.810000000000000000e+02	9.831438156131746165e-05	7.751171488362715940e-05	1.191170482390077639e-04
2.820000000000000000e+02	9.519564872313417028e-05	7.613835623150269237e-05	1.142529412147656482e-04
2.830000000000000000e+02	9.432452914523559010e-05	7.564676876447879329e-05	1.130022895259923869e-04
2.840000000000000000e+02	9.273957273609756966e-05	7.404089524706369916e-05	1.114382502251314402e-04
2.850000000000000000e+02	9.143705427249788518e-05	7.347410629141908837e-05	1.094000022535766820e-04
2.860000000000000000e+02	8.959107700096143718e-05	7.200909260835380063e-05	1.071730613935690737e-04
2.870000000000000000e+02	8.853817549905987653e-05	7.094587268488894492e-05	1.061304783132308081e-04
2.880000000000000000e+02	8.654267811620390842e-05	6.911294110562345584e-05	1.039724151267843610e-04
2.890000000000000000e+02	8.610612306578254555e-05	6.844618146948231916e-05	1.037660646620827719e-04
2.900000000000000000e+02	8.430845906399807115e-05	6.748259109517016762e-05	1.011343270328259747e-04
2.910000000000000000e+02	8.147802618300192833e-05	6.539525681069542368e-05	9.756079555530843299e-05
2.920000000000000000e+02	8.078187059240347727e-05	6.505344912007353082e-05	9.651029206473342372e-05
2.930000000000000000e+02	7.932059365733235131e-05	6.353845612381402586e-05	9.510273119085067676e-05
2.940000000000000000e+02	7.823732987707584033e-05	6.236459847406627206e-05	9.411006128008540860e-05
2.950000000000000000e+02	7.710979869101353677e-05	6.203356631815099139e-05	9.218603106387608214e-05
2.960000000000000000e+02	7.558348060769234044e-05	6.052160847898791114e-05	9.064535273639676973e-05
2.970000000000000000e+02	7.399686963081206464e-05	5.949136021521437000e-05	8.850237904640976606e-05
2.980000000000000000e+02	7.257332361935205783e-05	5.870609481639525105e-05	8.644055242230887139e-05
2.990000000000000000e+02	7.212248148401845217e-05	5.749809743620818770e-05	8.674686553182871663e-05
3.000000000000000000e+02	7.052918834921381795e-05	5.649310306277812246e-05	8.456527363564951343e-05
3.010000000000000000e+02	6.951847980412075836e-05	5.531009386442323677e-05	8.372686574381827318e-05
3.020000000000000000e+02	6.853743778437351556e-05	5.465943344006075921e-05	8.241544212868627192e-05
3.030000000000000000e+02	6.731584790199942789e-05	5.375451160179680232e-05	8.087718420220205346e-05
3.040000000000000000e+02	6.659140068490264266e-05	5.306078410242914118e-05	8.012201726737614414e-05
3.050000000000000000e+02	6.554115153956655481e-05	5.180477481145210651e-05	7.927752826768100312e-05
3.060000000000000000e+02	6.385773215767828433e-05	5.097631020359056492e-05	7.673915411176600375e-05
3.070000000000000000e+02	6.287317956378409521e-05	5.014952043925355931e-05	7.559683868831463789e-05
3.080000000000000000e+02	6.158325178474971648e-05	4.877246417749672567e-05	7.439403939200271406e-05
3.090000000000000000e+02	6.097216846246213839e-05	4.786639076321448920e-05	7.407794616170978758e-05
3.100000000000000000e+02	6.006398702356940733e-05	4.796651047807781932e-05	7.216146356906100211e-05
3.110000000000000000e+02	5.896113066340344377e-05	4.657446678711883714e-05	7.134779453968805041e-05
3.120000000000000000e+02	5.777985410602628499e-05	4.553386213074430311e-05	7.002584608130826686e-05
3.130000000000000000e+02	5.726834234100636753e-05	4.532626129337794538e-05	6.921042338863478969e-05
3.140000000000000000e+02	5.626464606001078928e-05	4.473199373365240223e-05	6.779729838636917633e-05
3.150000000000000000e+02	5.498033390607879716e-05	4.362558903123398192e-05	6.633507878092361918e-05
3.160000000000000000e+02	5.384023231718022931e-05	4.252167878506299663e-05	6.515878584929746199e-05
3.170000000000000000e+02	5.374648007041818887e-05	4.245911829377829109e-05	6.503384184705808665e-05
3.180000000000000000e+02	5.273582004039852376e-05	4.191664702391336610e-05	6.355499305688368141e-05
3.190000000000000000e+02	5.145176004254916003e-05	4.071654453503710514e-05	6.218697555006121491e-05
3.200000000000000000e+02	5.110106879576378124e-05	4.032451291882336978e-05	6.187762467270419269e-05
3.210000000000000000e+02	4.988178521554047576e-05	3.942529722647492122e-05	6.033827320460603030e-05
3.220000000000000000e+02	4.956245060952119049e-05	3.940805185245228333e-05	5.971684936659009765e-05
3.230000000000000000e+02	4.844465449188696874e-05	3.844703947447279636e-05	5.844226950930114111e-05
3.240000000000000000e+02	4.801092320948299210e-05	3.800980994592173431e-05	5.801203647304424988e-05
3.250000000000000000e+02	4.650765481477142345e-05	3.725004768203285294e-05	5.576526194750999396e-05
3.260000000000000000e+02	4.643883700930066013e-05	3.686751625328176657e-05	5.601015776531955369e-05
3.270000000000000000e+02	4.572951428524546833e-05	3.646612590382134432e-05	5.499290266666959233e-05
3.280000000000000000e+02	4.458772853640124225e-05	3.538002461265983442e-05	5.379543246014265007e-05
3.290000000000000000e+02	4.416633375355368094e-05	3.485305494953950666e-05	5.347961255756785522e-05
3.300000000000000000e+02	4.329514244502490999e-05	3.401049402522499283e-05	5.257979086482482715e-05
3.310000000000000000e+02	4.259476662213970396e-05	3.381388048680215766e-05	5.137565275747725025e-05
3.320000000000000000e+02	4.151124626604649177e-05	3.280680291576051400e-05	5.021568961633246953e-05
3.330000000000000000e+02	4.067917310804752400e-05	3.226492416002193434e-05	4.909342205607311366e-05
3.340000000000000000e+02	4.009895748500739879e-05	3.147913877620962109e-05	4.871877619380517648e-05
3.350000000000000000e+02	3.944487185803799206e-05	3.106609871256563182e-05	4.782364500351035230e-05
3.360000000000000000e+02	3.912241615757984834e-05	3.073833041341195892e-05	4.750650190174773776e-05
3.370000000000000000e+02	3.829054499830932749e-05	3.021191701851215684e-05	4.636917297810649814e-05
3.380000000000000000e+02	3.776993147879140818e-05	2.959127078348432785e-05	4.594859217409848852e-05
3.390000000000000000e+02	3.716826653748741454e-05	2.919364603035568586e-05	4.514288704461914321e-05
3.400000000000000000e+02	3.621025096350120176e-05	2.815994697414093430e-05	4.426055495286146922e-05
3.410000000000000000e+02	3.595436089984270012e-05	2.825450362136925530e-05	4.365421817831614495e-05
3.420000000000000000e+02	3.493587937838331365e-05	2.732790037497981510e-05	4.254385838178680881e-05
3.430000000000000000e+02	3.451887562367387331e-05	2.695209759341094809e-05	4.208565365393679853e-05
3.440000000000000000e+02	3.406000424478353655e-05	2.667626557715628842e-05	4.144374291241078467e-05
3.450000000000000000e+02	3.329547812553596784e-05	2.600414933580466489e-05	4.058680691526727079e-05
3.460000000000000000e+02	3.295515715280906174e-05	2.596819789562027325e-05	3.994211640999785023e-05
3.470000000000000000e+02	3.238311179920686677e-05	2.557719741985046909e-05	3.918902617856326445e-05
3.480000000000000000e+02	3.206593625694835177e-05	2.515115372021687061e-05	3.898071879367983293e-05
3.490000000000000000e+02	3.134689273999395728e-05	2.458469260380186642e-05	3.810909287618604815e-05
3.500000000000000000e+02	3.114334455985295625e-05	2.417342351372095351e-05	3.811326560598495900e-05
3.510000000000000000e+02	3.042842988208373396e-05	2.413187187763967895e-05	3.672498788652778560e-05
3.520000000000000000e+02	2.985080686439806318e-05	2.325951001893224060e-05	3.644210370986388577e-05
3.530000000000000000e+02	2.950513482443740433e-05	2.301708351610590639e-05	3.599318613276889889e-05
3.540000000000000000e+02	2.911476799762149450e-05	2.279376768681451204e-05	3.543576830842847696e-05
3.550000000000000000e+02	2.827954032833903574e-05	2.197396841622726975e-05	3.458511224045080173e-05
3.560000000000000000e+02	2.802395547974827873e-05	2.193707199686589727e-05	3.411083896263066018e-05
3.570000000000000000e+02	2.759086559892675941e-05	2.149966005310951543e-05	3.368207114474400677e-05
3.580000000000000000e+02	2.682862342000046240e-05	2.092127916012552914e-05	3.273596767987539566e-05
3.590000000000000000e+02	2.663337663206014842e-05	2.060052386103256885e-05	3.266622940308772799e-05
3.600000000000000000e+02	2.636496031569060896e-05	2.087529397778725902e-05	3.185462665359396230e-05
3.610000000000000000e+02	2.595965662641989353e-05	2.012096803975902361e-05	3.179834521308076006e-05
3.620000000000000000e+02	2.541490904385761181e-05	1.971427758602964370e-05	3.111554050168557992e-05
3.630000000000000000e+02	2.517449077169185375e-05	1.947415188281667738e-05	3.087482966056703012e-05
3.640000000000000000e+02	2.458113534613795721e-05	1.903613817891331746e-05	3.012613251336259697e-05
3.650000000000000000e+02	2.433285712517199915e-05	1.890323711200035794e-05	2.976247713834364035e-05
3.660000000000000000e+02	2.387583818333163826e-05	1.821831806259364495e-05	2.953335830406963157e-05
3.670000000000000000e+02	2.365537076271761579e-05	1.831308448503023780e-05	2.899765704040499378e-05
3.680000000000000000e+02	2.308521036386440312e-05	1.783483692123722714e-05	2.833558380649157910e-05
3.690000000000000000e+02	2.283923577506934540e-05	1.777053739110974175e-05	2.790793415902894904e-05
3.700000000000000000e+02	2.231713447290850961e-05	1.715463481837331615e-05	2.747963412744370307e-05
3.710000000000000000e+02	2.184600876774832467e-05	1.681527693080072029e-05	2.687674060469592906e-05
3.720000000000000000e+02	2.122397698106223642e-05	1.654938663640991706e-05	2.589856732571455577e-05
3.730000000000000000e+02	2.076973881079095802e-05	1.610199294217900027e-05	2.543748467940291577e-05
3.740000000000000000e+02	2.069545098946446997e-05	1.605298656230244120e-05	2.533791541662649873e-05
3.750000000000000000e+02	2.019514688497730091e-05	1.570397754038797684e-05	2.468631622956662499e-05
3.760000000000000000e+02	2.005307803033269638e-05	1.550026476626963255e-05	2.460589129439576020e-05
3.770000000000000000e+02	1.972670678745464378e-05	1.510679446793591749e-05	2.434661910697337006e-05
3.780000000000000000e+02	1.948065626604120483e-05	1.499014461145549451e-05	2.397116792062691515e-05
3.790000000000000000e+02	1.912267439724298673e-05	1.471207788449778174e-05	2.353327090998819172e-05
3.800000000000000000e+02	1.892911785818197565e-05	1.454047693217738196e-05	2.331775878418656934e-05
3.810000000000000000e+02	1.851895866264194026e-05	1.418362367029641296e-05	2.285429365498746755e-05
3.820000000000000000e+02	1.818428442557224725e-05	1.395420609168769707e-05	2.241436275945679743e-05
3.830000000000000000e+02	1.788680291420184857e-05	1.375597634185772984e-05	2.201762948654596729e-05
3.840000000000000000e+02	1.767907440825468860e-05	1.356307797490383893e-05	2.179507084160553826e-05
3.850000000000000000e+02	1.745353970968014607e-05	1.349193190639204058e-05	2.141514751296825155e-05
3.860000000000000000e+02	1.717416802975795282e-05	1.312063966646831255e-05	2.122769639304759309e-05
3.870000000000000000e+02	1.675834449862245357e-05	1.281634050108431606e-05	2.070034849616059108e-05
3.880000000000000000e+02	1.662351911462708458e-05	1.273602930568027801e-05	2.051100892357388947e-05
3.890000000000000000e+02	1.646859452871790174e-05	1.260493986358096093e-05	2.033224919385484254e-05
3.900000000000000000e+02	1.626152685704103915e-05	1.229371188583843254e-05	2.022934182824364746e-05
3.910000000000000000e+02	1.590315276766682322e-05	1.212144559119896169e-05	1.968485994413468306e-05
3.920000000000000000e+02	1.557822578561333574e-05	1.197232039899794649e-05	1.918413117222872669e-05
3.930000000000000000e+02	1.535848045303887259e-05	1.177648441265609607e-05	1.894047649342164911e-05
3.940000000000000000e+02	1.514938483200166717e-05	1.158943965497165141e-05	1.870933000903168462e-05
3.950000000000000000e+02	1.491947376635880482e-05	1.132559381335151014e-05	1.851335371936609780e-05
3.960000000000000000e+02	1.469065271611829981e-05	1.110751509052892915e-05	1.827379034170767047e-05
3.970000000000000000e+02	1.461445418703763065e-05	1.100326896495523699e-05	1.822563940912002431e-05
3.980000000000000000e+02	1.429003729748454399e-05	1.075869935698185074e-05	1.782137523798723894e-05
3.990000000000000000e+02	1.411264712301312916e-05	1.066645906519331528e-05	1.755883518083294303e-05
4.000000000000000000e+02	1.392906679606017874e-05	1.050736698680836660e-05	1.735076660531199088e-05
4.010000000000000000e+02	1.378696259828271794e-05	1.042416594482098011e-05	1.714975925174445407e-05
4.020000000000000000e+02	1.364037038149955198e-05	1.028648317425470181e-05	1.699425758874440216e-05
4.030000000000000000e+02	1.332438133966420007e-05	1.006950723009511087e-05	1.657925544923329097e-05
4.040000000000000000e+02	1.310859115307402278e-05	9.930077821452278246e-06	1.628710448469576901e-05
4.050000000000000000e+02	1.291583120470758102e-05	9.615156474603702558e-06	1.621650593481145948e-05
4.060000000000000000e+02	1.279961415975954846e-05	9.647285310597980080e-06	1.595194300892111683e-05
4.070000000000000000e+02	1.250536782164917770e-05	9.417825868843047749e-06	1.559290977445530765e-05
4.080000000000000000e+02	1.234640429432531632e-05	9.325949274722751780e-06	1.536685931392788086e-05
4.090000000000000000e+02	1.206193724038151133e-05	9.093328006833951356e-06	1.503054647392907131e-05
4.100000000000000000e+02	1.192069781669974300e-05	9.048508526065890341e-06	1.479288710733359566e-05
4.110000000000000000e+02	1.177307876997900783e-05	8.922560879188158196e-06	1.462359666076985745e-05
4.120000000000000000e+02	1.164354806587130697e-05	8.848794319201004437e-06	1.443830181254160950e-05
4.130000000000000000e+02	1.149551228857807033e-05	8.790098000668954720e-06	1.420092657648718594e-05
4.140000000000000000e+02	1.120954403679482868e-05	8.416220658747088318e-06	1.400286741484256905e-05
4.150000000000000000e+02	1.117460422663508370e-05	8.471880620352606841e-06	1.387732783291756056e-05
4.160000000000000000e+02	1.096673746547865263e-05	8.287299842922957066e-06	1.364617508803434819e-05
4.170000000000000000e+02	1.089463362183496669e-05	8.156946755870215474e-06	1.363232048779971790e-05
4.180000000000000000e+02	1.067097445693249822e-05	7.989795664698662081e-06	1.335215324916633436e-05
4.190000000000000000e+02	1.058718502263920507e-05	7.964605893747997046e-06	1.320976415153041310e-05
4.200000000000000000e+02	1.035190713516953713e-05	7.843805872346490995e-06	1.286000839799258326e-05
4.210000000000000000e+02	1.026342969041647232e-05	7.719459793281854980e-06	1.280739958755108965e-05
4.220000000000000000e+02	1.011119117107547414e-05	7.622648534514213966e-06	1.259973380763673432e-05
4.230000000000000000e+02	9.955073417015794000e-06	7.506185186606963127e-06	1.240396164742462403e-05
4.240000000000000000e+02	9.809591161458266508e-06	7.384534337394937291e-06	1.223464798552159572e-05
4.250000000000000000e+02	9.674212292113957873e-06	7.283163716548576742e-06	1.206526086767933985e-05
4.260000000000000000e+02	9.585188499255610018e-06	7.178249330413052391e-06	1.199212766809816764e-05
4.270000000000000000e+02	9.365139501899392665e-06	7.024679113375333632e-06	1.170559989042345254e-05
4.280000000000000000e+02	9.297515882756249796e-06	7.011370652214655260e-06	1.158366111329784518e-05
4.290000000000000000e+02	9.157758335378430567e-06	6.909500660198328466e-06	1.140601601055853267e-05
4.300000000000000000e+02	9.101152626713933673e-06	6.909669918939552271e-06	1.129263533448831508e-05
4.310000000000000000e+02	8.919106395658429504e-06	6.779410209492705433e-06	1.105880258182415358e-05
4.320000000000000000e+02	8.740776277361797891e-06	6.602400394220493728e-06	1.087915216050310205e-05
4.330000000000000000e+02	8.689659495096563582e-06	6.571604413549964646e-06	1.080771457664316252e-05
4.340000000000000000e+02	8.541480983930677904e-06	6.487451234484668927e-06	1.059551073337668688e-05
4.350000000000000000e+02	8.468555826520662857e-06	6.377991769940949277e-06	1.055911988310037644e-05
4.360000000000000000e+02	8.318557097050757577e-06	6.257294806428689522e-06	1.037981938767282479e-05
4.370000000000000000e+02	8.247160957312166512e-06	6.192463948097028986e-06	1.030185796652730319e-05
4.380000000000000000e+02	8.126982499283339731e-06	6.118045248762546005e-06	1.013591974980413346e-05
4.390000000000000000e+02	8.008574965928570453e-06	5.978614159457610434e-06	1.003853577239953047e-05
4.400000000000000000e+02	7.895402731502928028e-06	5.927557039445031448e-06	9.863248423560824608e-06
4.410000000000000000e+02	7.759732509409333421e-06	5.826513310633328476e-06	9.692951708185337518e-06
4.420000000000000000e+02	7.676930535501872577e-06	5.788478422753660703e-06	9.565382648250085298e-06
4.430000000000000000e+02	7.600710920480679061e-06	5.646680508249689742e-06	9.554741332711669228e-06
4.440000000000000000e+02	7.537319861841663363e-06	5.563496887283888604e-06	9.511142836399437276e-06
4.450000000000000000e+02	7.478954484341673131e-06	5.548280842061128309e-06	9.409628126622218800e-06
4.460000000000000000e+02	7.329255526361066530e-06	5.452305303086974771e-06	9.206205749635158289e-06
4.470000000000000000e+02	7.202136136469217973e-06	5.448246238795652780e-06	8.956026034142783166e-06
4.480000000000000000e+02	7.108913746691384209e-06	5.317082250664283973e-06	8.900745242718484444e-06
4.490000000000000000e+02	7.014336557274433023e-06	5.287201379803338742e-06	8.741471734745526458e-06
4.500000000000000000e+02	6.944884732926461219e-06	5.170071768797962562e-06	8.719697697054959877e-06
4.510000000000000000e+02	6.872235927221294579e-06	5.056852319742678663e-06	8.687619534699910496e-06
4.520000000000000000e+02	6.785475903775413794e-06	5.013778192041287615e-06	8.557173615509539974e-06
4.530000000000000000e+02	6.690473551041054865e-06	4.930047579377517638e-06	8.450899522704592091e-06
4.540000000000000000e+02	6.570605406892091451e-06	4.901861239728287533e-06	8.239349574055895368e-06
4.550000000000000000e+02	6.488673866067814393e-06	4.831654186949651288e-06	8.145693545185978346e-06
4.560000000000000000e+02	6.385532553245137186e-06	4.699562753183518751e-06	8.071502353306755621e-06
4.570000000000000000e+02	6.373635772006518777e-06	4.685596370997539522e-06	8.061675173015498032e-06
4.580000000000000000e+02	6.333162016538841757e-06	4.581996421159656355e-06	8.084327611918028006e-06
4.590000000000000000e+02	6.211026670207936306e-06	4.499124831179476770e-06	7.922928509236395843e-06
4.600000000000000000e+02	6.057825107682743668e-06	4.502591897917460805e-06	7.613058317448026532e-06
4.610000000000000000e+02	6.058282257995136226e-06	4.540213628198571682e-06	7.576350887791700770e-06
4.620000000000000000e+02	5.985859637906743430e-06	4.437581028636296106e-06	7.534138247177190755e-06
4.630000000000000000e+02	5.948924117418808711e-06	4.314617530536270123e-06	7.583230704301347299e-06
4.640000000000000000e+02	5.940184963637543152e-06	4.241923540361761253e-06	7.638446386913324204e-06
4.650000000000000000e+02	5.823714560878623165e-06	4.193411001642215237e-06	7.454018120115031093e-06
4.660000000000000000e+02	5.756446575395182933e-06	4.172837170395926956e-06	7.340055980394438910e-06
4.670000000000000000e+02	5.648269489637487536e-06	4.141033037884807357e-06	7.155505941390167716e-06
4.680000000000000000e+02	5.633603213507283218e-06	4.097325008634873018e-06	7.169881418379693417e-06
4.690000000000000000e+02	5.615605307061896032e-06	4.023451433547558522e-06	7.207759180576233543e-06
4.700000000000000000e+02	5.520378787912665227e-06	3.978894128294319400e-06	7.061863447531011053e-06
4.710000000000000000e+02	5.486001365298935130e-06	3.914952024748643536e-06	7.057050705849226725e-06
4.720000000000000000e+02	5.365237181196653082e-06	3.959212102067285964e-06	6.771262260326020200e-06
4.730000000000000000e+02	5.304441643006744031e-06	3.935325685446560997e-06	6.673557600566927066e-06
4.740000000000000000e+02	5.244864040584891880e-06	3.813155605756417335e-06	6.676572475413366426e-06
4.750000000000000000e+02	5.222708778109442864e-06	3.754365395486079537e-06	6.691052160732805767e-06
4.760000000000000000e+02	5.262324029573327192e-06	3.690585005999232487e-06	6.834063053147421898e-06
4.770000000000000000e+02	5.163698557712463085e-06	3.731632237643819929e-06	6.595764877781105817e-06
4.780000000000000000e+02	5.118658416014217172e-06	3.678880373381791102e-06	6.558436458646643241e-06
4.790000000000000000e+02	5.070625420495680808e-06	3.687387552708588165e-06	6.453863288282773451e-06
4.800000000000000000e+02	5.043401206266660581e-06	3.645169505277702373e-06	6.441632907255618789e-06
4.810000000000000000e+02	5.019466390503773925e-06	3.630708562835269522e-06	6.408224218172278329e-06
4.820000000000000000e+02	4.967521352479918527e-06	3.546310242070356172e-06	6.388732462889480883e-06
4.830000000000000000e+02	4.893392594696844316e-06	3.479557785892215137e-06	6.307227403501473073e-06
4.840000000000000000e+02	4.900488430770070355e-06	3.559938828681364556e-06	6.241038032858776153e-06
4.850000000000000000e+02	4.869557391653259816e-06	3.492714124456622356e-06	6.246400658849897276e-06
4.860000000000000000e+02	4.893223463285998233e-06	3.465455676809012439e-06	6.320991249762983604e-06
4.870000000000000000e+02	4.895909757686937503e-06	3.390173087670400376e-06	6.401646427703475053e-06
4.880000000000000000e+02	4.825634867628486978e-06	3.389929849461079953e-06	6.261339885795894427e-06
4.890000000000000000e+02	4.773182272177982328e-06	3.405022270388777226e-06	6.141342273967187430e-06
4.900000000000000000e+02	4.637375661094336992e-06	3.396032204646622097e-06	5.878719117542051887e-06
4.910000000000000000e+02	4.690322695985443706e-06	3.359602948005630321e-06	6.021042443965257091e-06
4.920000000000000000e+02	4.704190504424149274e-06	3.244231908943806799e-06	6.164149099904491749e-06
4.930000000000000000e+02	4.806364472777796609e-06	3.253599549369995449e-06	6.359129396185597769e-06
4.940000000000000000e+02	4.764061458801988158e-06	3.294121584044815548e-06	6.234001333559160769e-06
4.950000000000000000e+02	4.742435995445764566e-06	3.395202203046486610e-06	6.089669787845042522e-06
4.960000000000000000e+02	4.643585541659509021e-06	3.432062065498252376e-06	5.855109017820765666e-06
4.970000000000000000e+02	4.654513265953907560e-06	3.378070249193620584e-06	5.930956282714194535e-06
4.980000000000000000e+02	4.646030985961308835e-06	3.332677384290661468e-06	5.959384587631956201e-06
4.990000000000000000e+02	4.766510161368773507e-06	3.281950546535450659e-06	6.251069776202095932e-06
5.000000000000000000e+02	4.788403409579270323e-06	3.408250621640695687e-06	6.168556197517844535e-06
5.010000000000000000e+02	4.689527940473431150e-06	3.406012426498531461e-06	5.973043454448330838e-06
5.020000000000000000e+02	4.748155043794101216e-06	3.430912447635137906e-06	6.065397639953064527e-06
5.030000000000000000e+02	4.826980294119475264e-06	3.344700345285524867e-06	6.309260242953425661e-06
5.040000000000000000e+02	4.839196480482587828e-06	3.264541475461094705e-06	6.413851485504080950e-06
5.050000000000000000e+02	4.831844153082318497e-06	3.348936243960638806e-06	6.314752062203998612e-06
5.060000000000000000e+02	4.796577803143526350e-06	3.443412662448178595e-06	6.149742943838873682e-06
5.070000000000000000e+02	4.958125111938092531e-06	3.624079180055925377e-06	6.292171043820259685e-06
5.080000000000000000e+02	5.032405576532906744e-06	3.627015617981472711e-06	6.437795535084340777e-06
5.090000000000000000e+02	5.390231607750483539e-06	3.781920223546509404e-06	6.998542991954457673e-06
5.100000000000000000e+02	5.970781983305121643e-06	4.050799546736024280e-06	7.890764419874219006e-06
