0.000000000000000000e+00	1.292162576768957782e-43	8.676140200414202938e-44	1.716711133496495270e-43
1.000000000000000000e+00	5.094585413473106013e-03	3.103249605229084929e-03	7.085921221717127530e-03
2.000000000000000000e+00	2.768607159320861724e-02	1.665238302059816183e-02	3.871976016581907265e-02
3.000000000000000000e+00	7.189765892966817895e-02	4.712335934703500845e-02	9.667195851230134251e-02
4.000000000000000000e+00	1.638996795067265144e-01	1.258188998601500186e-01	2.019804591533030103e-01
5.000000000000000000e+00	1.527244572863637184e-01	1.160254359620600528e-01	1.894234786106673840e-01
6.000000000000000000e+00	2.079103593554788298e-01	1.657308096094677330e-01	2.500899091014899267e-01
7.000000000000000000e+00	1.906432496417071187e-01	1.551095108084125651e-01	2.261769884750016724e-01
8.000000000000000000e+00	2.054030582904556035e-01	1.625325256390212358e-01	2.482735909418899711e-01
9.000000000000000000e+00	2.530382764018132002e-01	2.142411150377671880e-01	2.918354377658592402e-01
1.000000000000000000e+01	1.811082582527072382e-01	1.483683277266267808e-01	2.138481887787876956e-01
1.100000000000000000e+01	2.001150083790385059e-01	1.665242632731061823e-01	2.337057534849708296e-01
1.200000000000000000e+01	1.775747703296158830e-01	1.505951942951213873e-01	2.045543463641103787e-01
1.300000000000000000e+01	1.891027064060164242e-01	1.607343150292500078e-01	2.174710977827828406e-01
1.400000000000000000e+01	1.721092498114208946e-01	1.458335248576760057e-01	1.983849747651657836e-01
1.500000000000000000e+01	1.386459782573447874e-01	1.172748324017807431e-01	1.600171241129088318e-01
1.600000000000000000e+01	1.732361653798927814e-01	1.518054933796668671e-01	1.946668373801186958e-01
1.700000000000000000e+01	1.487086726430145722e-01	1.298728082007577223e-01	1.675445370852714222e-01
1.800000000000000000e+01	1.373946861602788616e-01	1.198710466142992315e-01	1.549183257062584917e-01
1.900000000000000000e+01	1.247432033119782180e-01	1.072295453762992234e-01	1.422568612476572125e-01
2.000000000000000000e+01	1.096666520531216771e-01	9.357943048113737117e-02	1.257538736251059830e-01
2.100000000000000000e+01	1.239830131163472127e-01	1.104532553662671418e-01	1.375127708664272974e-01
2.200000000000000000e+01	1.126455306306905213e-01	9.876856563983578419e-02	1.265224956215452723e-01
2.300000000000000000e+01	1.039554240059923917e-01	9.131955204886732513e-02	1.165912959631174584e-01
2.400000000000000000e+01	9.431859661150036878e-02	8.306100144083763959e-02	1.055761917821630980e-01
2.500000000000000000e+01	2.051014020862392262e-01	1.834388423881009034e-01	2.267639617843775490e-01
2.600000000000000000e+01	8.276011586147992427e-02	7.413134788266406705e-02	9.138888384029578149e-02
2.700000000000000000e+01	7.335082560836617138e-02	6.525187527695791578e-02	8.144977593977442698e-02
2.800000000000000000e+01	7.051181167253237070e-02	6.235859437878141232e-02	7.866502896628332908e-02
2.900000000000000000e+01	5.582117087853451232e-02	4.970346772390263346e-02	6.193887403316639118e-02
3.000000000000000000e+01	5.795306568218314136e-02	5.220939598327722919e-02	6.369673538108905353e-02
3.100000000000000000e+01	4.853688496340716890e-02	4.323659214863019573e-02	5.383717777818414207e-02
3.200000000000000000e+01	4.166950784343918801e-02	3.769645677221220709e-02	4.564255891466616893e-02
3.300000000000000000e+01	4.001458691928447969e-02	3.577692280535553493e-02	4.425225103321342446e-02
3.400000000000000000e+01	3.815909036805108928e-02	3.457218911022321567e-02	4.174599162587896289e-02
3.500000000000000000e+01	3.300816982080385931e-02	2.967999855688683089e-02	3.633634108472089119e-02
3.600000000000000000e+01	2.962040113481796341e-02	2.627792936222540787e-02	3.296287290741051895e-02
3.700000000000000000e+01	2.633448555229998822e-02	2.372914405546949768e-02	2.893982704913047876e-02
3.800000000000000000e+01	2.539197386672660192e-02	2.304474663695383826e-02	2.773920109649936558e-02
3.900000000000000000e+01	2.146607496379445909e-02	1.941983609348510442e-02	2.351231383410381376e-02
4.000000000000000000e+01	2.161116219413256739e-02	1.943131825918935698e-02	2.379100612907577780e-02
4.100000000000000000e+01	1.826498834706547988e-02	1.650539430198319155e-02	2.002458239214776822e-02
4.200000000000000000e+01	1.753026325562079615e-02	1.615367723309613437e-02	1.890684927814545793e-02
4.300000000000000000e+01	1.630891772967828224e-02	1.463522522628236434e-02	1.798261023307420187e-02
4.400000000000000000e+01	1.436753403699260814e-02	1.310166969444217719e-02	1.563339837954303910e-02
4.500000000000000000e+01	1.415001668047673536e-02	1.263962061844147236e-02	1.566041274251199836e-02
4.600000000000000000e+01	1.237588781640301498e-02	1.117309102514972910e-02	1.357868460765630086e-02
4.700000000000000000e+01	1.252037184724500221e-02	1.129101986653836300e-02	1.374972382795164143e-02
4.800000000000000000e+01	1.134487882236324095e-02	1.055604133587856840e-02	1.213371630884791351e-02
4.900000000000000000e+01	1.058691133626927378e-02	9.754188703924854612e-03	1.141963396861369294e-02
5.000000000000000000e+01	9.945629750278147871e-03	9.242694052892682505e-03	1.064856544766361324e-02
5.100000000000000000e+01	9.099776054078835552e-03	8.339156626041351050e-03	9.860395482116320054e-03
5.200000000000000000e+01	9.040373383748245839e-03	8.307236485518456129e-03	9.773510281978035549e-03
5.300000000000000000e+01	7.559846865591985515e-03	6.915750298372495136e-03	8.203943432811475894e-03
5.400000000000000000e+01	7.563329805793551387e-03	6.973805560267648702e-03	8.152854051319453205e-03
5.500000000000000000e+01	7.371416288986243348e-03	6.814695436073220022e-03	7.928137141899266674e-03
5.600000000000000000e+01	6.465446208994153274e-03	5.994982803507238438e-03	6.935909614481068110e-03
5.700000000000000000e+01	6.660153646631280892e-03	6.182038036387789426e-03	7.138269256874772359e-03
5.800000000000000000e+01	5.658082975077813673e-03	5.199155286290014708e-03	6.117010663865612638e-03
5.900000000000000000e+01	6.094067306148667935e-03	5.701374796456515695e-03	6.486759815840820176e-03
6.000000000000000000e+01	5.469696321584334268e-03	4.999392383606087939e-03	5.940000259562580598e-03
6.100000000000000000e+01	4.935878500893870098e-03	4.486677701565578748e-03	5.385079300222161448e-03
6.200000000000000000e+01	5.093419665933606941e-03	4.707088276718392889e-03	5.479751055148820993e-03
6.300000000000000000e+01	4.349593493242189836e-03	4.038145585799638761e-03	4.661041400684740911e-03
6.400000000000000000e+01	4.865236748379206042e-03	4.498178445788190462e-03	5.232295050970221621e-03
6.500000000000000000e+01	4.131582757223990071e-03	3.794735172829615671e-03	4.468430341618364471e-03
6.600000000000000000e+01	4.124615569149123542e-03	3.853210903001192192e-03	4.396020235297054893e-03
6.700000000000000000e+01	3.906622084909807703e-03	3.643060404031559993e-03	4.170183765788055413e-03
6.800000000000000000e+01	3.613002446120307503e-03	3.300052312055309911e-03	3.925952580185305095e-03
6.900000000000000000e+01	3.753182727621441703e-03	3.506196123968956246e-03	4.000169331273927160e-03
7.000000000000000000e+01	3.285985710895494762e-03	3.070227186142313394e-03	3.501744235648676130e-03
7.100000000000000000e+01	3.220498328841210362e-03	2.995281498549682252e-03	3.445715159132738473e-03
7.200000000000000000e+01	3.325885714187564769e-03	3.108103432534077212e-03	3.543667995841052326e-03
7.300000000000000000e+01	2.910338396548017674e-03	2.686905663492140418e-03	3.133771129603894930e-03
7.400000000000000000e+01	2.943791974633040796e-03	2.680434694601629021e-03	3.207149254664452571e-03
7.500000000000000000e+01	2.673931644219191932e-03	2.461284744479021180e-03	2.886578543959362683e-03
7.600000000000000000e+01	2.762594269258959040e-03	2.551508190762304031e-03	2.973680347755614049e-03
7.700000000000000000e+01	2.692051735043610606e-03	2.511609685285615731e-03	2.872493784801605481e-03
7.800000000000000000e+01	2.377829246321475076e-03	2.204837070851008510e-03	2.550821421791941643e-03
7.900000000000000000e+01	2.382850793544276456e-03	2.225338735318071505e-03	2.540362851770481406e-03
8.000000000000000000e+01	2.241035131139087165e-03	2.090692239041254570e-03	2.391378023236919760e-03
8.100000000000000000e+01	2.324191894966968347e-03	2.167350912714899498e-03	2.481032877219037196e-03
8.200000000000000000e+01	2.125776221464244307e-03	1.939390073636794182e-03	2.312162369291694431e-03
8.300000000000000000e+01	2.049993713915117949e-03	1.903834988285370072e-03	2.196152439544866043e-03
8.400000000000000000e+01	1.923225113223418032e-03	1.785345062414338269e-03	2.061105164032497796e-03
8.500000000000000000e+01	2.016810287332020547e-03	1.875070445961906675e-03	2.158550128702134419e-03
8.600000000000000000e+01	1.890091375800199112e-03	1.749756963408277514e-03	2.030425788192120710e-03
8.700000000000000000e+01	1.766664081057214581e-03	1.641478788040951105e-03	1.891849374073478057e-03
8.800000000000000000e+01	1.680628052712035241e-03	1.570185110934451929e-03	1.791070994489618552e-03
8.900000000000000000e+01	1.751995412724920978e-03	1.631344841128268015e-03	1.872645984321573941e-03
9.000000000000000000e+01	1.596433745816932268e-03	1.458592442565728514e-03	1.734275049068136022e-03
9.100000000000000000e+01	1.610287465734751072e-03	1.514395544521451127e-03	1.706179386948051017e-03
9.200000000000000000e+01	1.477540791007198387e-03	1.378661903622691205e-03	1.576419678391705569e-03
9.300000000000000000e+01	1.486929200468173643e-03	1.398420018844247171e-03	1.575438382092100116e-03
9.400000000000000000e+01	1.409264010410656194e-03	1.312662677562618022e-03	1.505865343258694367e-03
9.500000000000000000e+01	1.375464549164312185e-03	1.278227912487698084e-03	1.472701185840926286e-03
9.600000000000000000e+01	1.308725628889067290e-03	1.230799384096330782e-03	1.386651873681803799e-03
9.700000000000000000e+01	1.311957006345244956e-03	1.225223711216731019e-03	1.398690301473758894e-03
9.800000000000000000e+01	1.368770150513373089e-03	1.276909196708468208e-03	1.460631104318277970e-03
9.900000000000000000e+01	1.157270328817687662e-03	1.095090885729532422e-03	1.219449771905842901e-03
1.000000000000000000e+02	1.194459269248535722e-03	1.117357088507360541e-03	1.271561449989710903e-03
1.010000000000000000e+02	1.082618446208815158e-03	1.009213752295845751e-03	1.156023140121784564e-03
1.020000000000000000e+02	1.154187501347353050e-03	1.074113399076987406e-03	1.234261603617718694e-03
1.030000000000000000e+02	1.119146764925264305e-03	1.048668491855328164e-03	1.189625037995200446e-03
1.040000000000000000e+02	9.994470746001599126e-04	9.461357616994957613e-04	1.052758387500823956e-03
1.050000000000000000e+02	1.035902739933325985e-03	9.653475298666509613e-04	1.106457950000001118e-03
1.060000000000000000e+02	9.792217297272609935e-04	9.320364605933233746e-04	1.026406998861198721e-03
1.070000000000000000e+02	9.634188890669573811e-04	8.974202043045816177e-04	1.029417573829333145e-03
1.080000000000000000e+02	9.489958424126902813e-04	8.855371095343921245e-04	1.012454575290988546e-03
1.090000000000000000e+02	8.879295771895581680e-04	8.343767708367106056e-04	9.414823835424057305e-04
1.100000000000000000e+02	9.316853750277878177e-04	8.745467278734982619e-04	9.888240221820772651e-04
1.110000000000000000e+02	8.228375780977071653e-04	7.745344046324341208e-04	8.711407515629802098e-04
1.120000000000000000e+02	8.423297770737527349e-04	7.921887689464584669e-04	8.924707852010470028e-04
1.130000000000000000e+02	8.097786222198922936e-04	7.561112879827643291e-04	8.634459564570202581e-04
1.140000000000000000e+02	7.880442785747244919e-04	7.368022367366621177e-04	8.392863204127868661e-04
1.150000000000000000e+02	7.994352415996512336e-04	7.506853016988904387e-04	8.481851815004120285e-04
1.160000000000000000e+02	7.456362875655227597e-04	7.001733651566248873e-04	7.910992099744206321e-04
1.170000000000000000e+02	7.274133458383859200e-04	6.823278326351522741e-04	7.724988590416195658e-04
1.180000000000000000e+02	7.009016471394396682e-04	6.592695205676307561e-04	7.425337737112485802e-04
1.190000000000000000e+02	6.867757938219100442e-04	6.448393131254769603e-04	7.287122745183431281e-04
1.200000000000000000e+02	7.006394390567187956e-04	6.532086280781807842e-04	7.480702500352568070e-04
1.210000000000000000e+02	6.626339302197039281e-04	6.239748234720106455e-04	7.012930369673972108e-04
1.220000000000000000e+02	6.363460423341721741e-04	5.993229926449000940e-04	6.733690920234442542e-04
1.230000000000000000e+02	6.442576536771695440e-04	6.093867299065073694e-04	6.791285774478317185e-04
1.240000000000000000e+02	5.918657278336547948e-04	5.540766304712202873e-04	6.296548251960893024e-04
1.250000000000000000e+02	5.909328914738730875e-04	5.551793327873676956e-04	6.266864501603784795e-04
1.260000000000000000e+02	5.741162302233425094e-04	5.447733660697600322e-04	6.034590943769249866e-04
1.270000000000000000e+02	5.907989308421071877e-04	5.508413533738279683e-04	6.307565083103864071e-04
1.280000000000000000e+02	5.481487513493538653e-04	5.174510318303158791e-04	5.788464708683918516e-04
1.290000000000000000e+02	5.394789562170876351e-04	5.123681357439527784e-04	5.665897766902224918e-04
1.300000000000000000e+02	5.161957738549754343e-04	4.890534611495552094e-04	5.433380865603956592e-04
1.310000000000000000e+02	5.114105280709244561e-04	4.841171619181003469e-04	5.387038942237485110e-04
1.320000000000000000e+02	5.188976842417728766e-04	4.899281846418712802e-04	5.478671838416744730e-04
1.330000000000000000e+02	4.862107040024494305e-04	4.574576598790218484e-04	5.149637481258770126e-04
1.340000000000000000e+02	4.917967162501360977e-04	4.614594253460903815e-04	5.221340071541818138e-04
1.350000000000000000e+02	4.603413719131934550e-04	4.348815456899577108e-04	4.858011981364291992e-04
1.360000000000000000e+02	4.681036108087135452e-04	4.427828020841634272e-04	4.934244195332637174e-04
1.370000000000000000e+02	4.410719099424447636e-04	4.184143290155045475e-04	4.637294908693849796e-04
1.380000000000000000e+02	4.249696465880849704e-04	3.954542917424611883e-04	4.544850014337087525e-04
1.390000000000000000e+02	4.362936155737666888e-04	4.119821068741932250e-04	4.606051242733401525e-04
1.400000000000000000e+02	4.225603192283561987e-04	3.999634021298372746e-04	4.451572363268751229e-04
1.410000000000000000e+02	4.124457394202813505e-04	3.883250061146267828e-04	4.365664727259359183e-04
1.420000000000000000e+02	3.920166767277835878e-04	3.717307418041769702e-04	4.123026116513902055e-04
1.430000000000000000e+02	3.766707700443603724e-04	3.532634060595410083e-04	4.000781340291797365e-04
1.440000000000000000e+02	3.972272203102004723e-04	3.755048550881184507e-04	4.189495855322824939e-04
1.450000000000000000e+02	3.842109572415294328e-04	3.646262600604329883e-04	4.037956544226258774e-04
1.460000000000000000e+02	3.665343166180550817e-04	3.468205296688223280e-04	3.862481035672878354e-04
1.470000000000000000e+02	3.497763279556497721e-04	3.293284890435315164e-04	3.702241668677680279e-04
1.480000000000000000e+02	3.525080317156961706e-04	3.334391495871252831e-04	3.715769138442670582e-04
1.490000000000000000e+02	3.517034752947074310e-04	3.328339286916299350e-04	3.705730218977849270e-04
1.500000000000000000e+02	3.212883746529745285e-04	3.031684089064158160e-04	3.394083403995332409e-04
1.510000000000000000e+02	3.313236998645888750e-04	3.136554266454973918e-04	3.489919730836803582e-04
1.520000000000000000e+02	3.057048471694857796e-04	2.868285868490518149e-04	3.245811074899197443e-04
1.530000000000000000e+02	3.197502514560373005e-04	3.030442740003215442e-04	3.364562289117530567e-04
1.540000000000000000e+02	3.044521094756739467e-04	2.871332814594143861e-04	3.217709374919335073e-04
1.550000000000000000e+02	2.939277005186580346e-04	2.767098441156441192e-04	3.111455569216719499e-04
1.560000000000000000e+02	2.950480386370021380e-04	2.777937969676764519e-04	3.123022803063278240e-04
1.570000000000000000e+02	2.909405199666421742e-04	2.737126140426155937e-04	3.081684258906687546e-04
1.580000000000000000e+02	2.883400098892011597e-04	2.771584415220762292e-04	2.995215782563260903e-04
1.590000000000000000e+02	2.679378482259858079e-04	2.518478557160338692e-04	2.840278407359377467e-04
1.600000000000000000e+02	2.605407121333204890e-04	2.457380300573005724e-04	2.753433942093404057e-04
1.610000000000000000e+02	2.771926722575396729e-04	2.605897138041739529e-04	2.937956307109053930e-04
1.620000000000000000e+02	2.564413807079017203e-04	2.411157493949256966e-04	2.717670120208777441e-04
1.630000000000000000e+02	2.604689309333157055e-04	2.471072112042870688e-04	2.738306506623443422e-04
1.640000000000000000e+02	2.425868597811953610e-04	2.283071633131698668e-04	2.568665562492208551e-04
1.650000000000000000e+02	2.430853177078543632e-04	2.280457217735200369e-04	2.581249136421886895e-04
1.660000000000000000e+02	2.372434705516713227e-04	2.263551632202156062e-04	2.481317778831270662e-04
1.670000000000000000e+02	2.248643935691714687e-04	2.104174210157689208e-04	2.393113661225740167e-04
1.680000000000000000e+02	2.313159883638229986e-04	2.172602919323562086e-04	2.453716847952897885e-04
1.690000000000000000e+02	2.246628300837270810e-04	2.136315515706383806e-04	2.356941085968157815e-04
1.700000000000000000e+02	2.226186916273252645e-04	2.108059119579614566e-04	2.344314712966890724e-04
1.710000000000000000e+02	2.166848263764262466e-04	2.037385058891762733e-04	2.296311468636762199e-04
1.720000000000000000e+02	1.978094247237905236e-04	1.864899310489421223e-04	2.091289183986389248e-04
1.730000000000000000e+02	2.120781147882513169e-04	2.014319145031457801e-04	2.227243150733568538e-04
1.740000000000000000e+02	2.026995372576528408e-04	1.902373886839618623e-04	2.151616858313438194e-04
1.750000000000000000e+02	1.947274025984984107e-04	1.835877351760760521e-04	2.058670700209207693e-04
1.760000000000000000e+02	1.956249741102462512e-04	1.862131855375605358e-04	2.050367626829319666e-04
1.770000000000000000e+02	1.859440727395127982e-04	1.752778052936847047e-04	1.966103401853408917e-04
1.780000000000000000e+02	1.930193335849285363e-04	1.817008418778210082e-04	2.043378252920360644e-04
1.790000000000000000e+02	1.797325890825067799e-04	1.695897352052674260e-04	1.898754429597461339e-04
1.800000000000000000e+02	1.807112358111270930e-04	1.690181502534500359e-04	1.924043213688041501e-04
1.810000000000000000e+02	1.729550800633543025e-04	1.647150402882050207e-04	1.811951198385035842e-04
1.820000000000000000e+02	1.726163355016851109e-04	1.622265388322482853e-04	1.830061321711219365e-04
1.830000000000000000e+02	1.665824164124191662e-04	1.569247938271348759e-04	1.762400389977034564e-04
1.840000000000000000e+02	1.644182815229132410e-04	1.559564746468431330e-04	1.728800883989833491e-04
1.850000000000000000e+02	1.567840776952402512e-04	1.484195947079769862e-04	1.651485606825035162e-04
1.860000000000000000e+02	1.578606536071059481e-04	1.504136873164453874e-04	1.653076198977665087e-04
1.870000000000000000e+02	1.577670681005160396e-04	1.499814547227576705e-04	1.655526814782744087e-04
1.880000000000000000e+02	1.527469025357248305e-04	1.454760152159310688e-04	1.600177898555185923e-04
1.890000000000000000e+02	1.489597401016047519e-04	1.408777755412033328e-04	1.570417046620061711e-04
1.900000000000000000e+02	1.435683985579633032e-04	1.370685575830952378e-04	1.500682395328313686e-04
1.910000000000000000e+02	1.489962902930586151e-04	1.424019196627348898e-04	1.555906609233823404e-04
1.920000000000000000e+02	1.400561820121100842e-04	1.332719486452865569e-04	1.468404153789336114e-04
1.930000000000000000e+02	1.396984992878161456e-04	1.323852185088247499e-04	1.470117800668075412e-04
1.940000000000000000e+02	1.351761402490687686e-04	1.281438863488025093e-04	1.422083941493350280e-04
1.950000000000000000e+02	1.361247721137469617e-04	1.281928887140536375e-04	1.440566555134402860e-04
1.960000000000000000e+02	1.327608119001428427e-04	1.262487801850526044e-04	1.392728436152330810e-04
1.970000000000000000e+02	1.316730399030254482e-04	1.244852421368105460e-04	1.388608376692403504e-04
1.980000000000000000e+02	1.246512100576327832e-04	1.183334374744506474e-04	1.309689826408149326e-04
1.990000000000000000e+02	1.277176335894656257e-04	1.212967266993494712e-04	1.341385404795817802e-04
2.000000000000000000e+02	1.191349132753780537e-04	1.121073155010693509e-04	1.261625110496867566e-04
2.010000000000000000e+02	1.192650616667859125e-04	1.128423514877214845e-04	1.256877718458503405e-04
2.020000000000000000e+02	1.204780840990147335e-04	1.130251494092069942e-04	1.279310187888224593e-04
2.030000000000000000e+02	1.139819468942963892e-04	1.082540752618084878e-04	1.197098185267842906e-04
2.040000000000000000e+02	1.162793970949494544e-04	1.103915217486782047e-04	1.221672724412207177e-04
2.050000000000000000e+02	1.081110922951906506e-04	1.022896397174859841e-04	1.139325448728953171e-04
2.060000000000000000e+02	1.101098592149478601e-04	1.039430823603877874e-04	1.162766360695079328e-04
2.070000000000000000e+02	1.056859392262797195e-04	1.006351743692099766e-04	1.107367040833494624e-04
2.080000000000000000e+02	1.073454605199277573e-04	1.018900401239634392e-04	1.128008809158920754e-04
2.090000000000000000e+02	1.054408894829207970e-04	9.939010312384456919e-05	1.114916758419970248e-04
2.100000000000000000e+02	9.879075768205129032e-05	9.323507306982480589e-05	1.043464422942777748e-04
2.110000000000000000e+02	9.892610668953701438e-05	9.354021173399770090e-05	1.043120016450763279e-04
2.120000000000000000e+02	9.923399342817285746e-05	9.410142383043671517e-05	1.043665630259089997e-04
2.130000000000000000e+02	9.571904974471917712e-05	9.098767551745986907e-05	1.004504239719784852e-04
2.140000000000000000e+02	9.667944478686043316e-05	9.227623234943134348e-05	1.010826572242895228e-04
2.150000000000000000e+02	8.872419293880951408e-05	8.450826098045696982e-05	9.294012489716205834e-05
2.160000000000000000e+02	9.304506811409428131e-05	8.740109185741057926e-05	9.868904437077798337e-05
2.170000000000000000e+02	9.003190119829583104e-05	8.534403460351855191e-05	9.471976779307311018e-05
2.180000000000000000e+02	8.524836748620988650e-05	8.123107158633579921e-05	8.926566338608397380e-05
2.190000000000000000e+02	8.988917237120985467e-05	8.561734216498447360e-05	9.416100257743523574e-05
2.200000000000000000e+02	8.382482455941220670e-05	7.999180903804094765e-05	8.765784008078346574e-05
2.210000000000000000e+02	8.549129610763461274e-05	8.014514713736583488e-05	9.083744507790339061e-05
2.220000000000000000e+02	8.105058623941519870e-05	7.666752384500309073e-05	8.543364863382730667e-05
2.230000000000000000e+02	7.961915955901129212e-05	7.584609379656008315e-05	8.339222532146250109e-05
2.240000000000000000e+02	7.753542462138743113e-05	7.378905519018812088e-05	8.128179405258674137e-05
2.250000000000000000e+02	7.974455766768293421e-05	7.582572998871220534e-05	8.366338534665366308e-05
2.260000000000000000e+02	7.796849558765104563e-05	7.429175652450756013e-05	8.164523465079453113e-05
2.270000000000000000e+02	7.451855197825923624e-05	7.039030635397286538e-05	7.864679760254560711e-05
2.280000000000000000e+02	7.395860663286731073e-05	6.982359464571272830e-05	7.809361862002189316e-05
2.290000000000000000e+02	7.296529767196653377e-05	6.937868566686289937e-05	7.655190967707016817e-05
2.300000000000000000e+02	7.134060930242809660e-05	6.744260026242877468e-05	7.523861834242741851e-05
2.310000000000000000e+02	6.997701773661515275e-05	6.690322913521989186e-05	7.305080633801041363e-05
2.320000000000000000e+02	6.770597764998533051e-05	6.455526283849964372e-05	7.085669246147101731e-05
2.330000000000000000e+02	6.916257457290990701e-05	6.556907406959280730e-05	7.275607507622700672e-05
2.340000000000000000e+02	6.583530407547700592e-05	6.271555881180310361e-05	6.895504933915090823e-05
2.350000000000000000e+02	6.429119007454693396e-05	6.060994384129044486e-05	6.797243630780342306e-05
2.360000000000000000e+02	6.434540486623409306e-05	6.085862595196797164e-05	6.783218378050021448e-05
2.370000000000000000e+02	6.334749874895213330e-05	6.042668324799338014e-05	6.626831424991087968e-05
2.380000000000000000e+02	6.284171767465435458e-05	5.957404678101007142e-05	6.610938856829864452e-05
2.390000000000000000e+02	6.034605248970996069e-05	5.746892887594949118e-05	6.322317610347043021e-05
2.400000000000000000e+02	5.975834557384378470e-05	5.693633761707995506e-05	6.258035353060760757e-05
2.410000000000000000e+02	5.946791058685968375e-05	5.638725562436574422e-05	6.254856554935361650e-05
2.420000000000000000e+02	5.699891784144495626e-05	5.426642145687567717e-05	5.973141422601423536e-05
2.430000000000000000e+02	5.771841098555923643e-05	5.456398726448726341e-05	6.087283470663120945e-05
2.440000000000000000e+02	5.677910182921233894e-05	5.437854397351160759e-05	5.917965968491307029e-05
2.450000000000000000e+02	5.500935033854069053e-05	5.243563710062465228e-05	5.758306357645672879e-05
2.460000000000000000e+02	5.555931798573973722e-05	5.269447168882724611e-05	5.842416428265222834e-05
2.470000000000000000e+02	5.143302437906108714e-05	4.860670925841583507e-05	5.425933949970633921e-05
2.480000000000000000e+02	5.274456433433553031e-05	5.022204197856804998e-05	5.526708669010301064e-05
2.490000000000000000e+02	5.021129611140214650e-05	4.802688046063426157e-05	5.239571176217003144e-05
2.500000000000000000e+02	5.190381079176160462e-05	4.952304949584934756e-05	5.428457208767386167e-05
2.510000000000000000e+02	4.999423905365792093e-05	4.730638432290529825e-05	5.268209378441054361e-05
2.520000000000000000e+02	4.885372348932007035e-05	4.663577142039952684e-05	5.107167555824061386e-05
2.530000000000000000e+02	4.787709447124251759e-05	4.509487170547743962e-05	5.065931723700759556e-05
2.540000000000000000e+02	4.764332200877831596e-05	4.515083711391785679e-05	5.013580690363877513e-05
2.550000000000000000e+02	4.736754826196262638e-05	4.532706111965560284e-05	4.940803540426964992e-05
2.560000000000000000e+02	4.558583197603301374e-05	4.344096839434660246e-05	4.773069555771942502e-05
2.570000000000000000e+02	4.508148026210547936e-05	4.324390772375363785e-05	4.691905280045732086e-05
2.580000000000000000e+02	4.397060041022145342e-05	4.137019212090488373e-05	4.657100869953802310e-05
2.590000000000000000e+02	4.356760422006717299e-05	4.159135004904300384e-05	4.554385839109134214e-05
2.600000000000000000e+02	4.343654882544816377e-05	4.144589318745268389e-05	4.542720446344364365e-05
2.610000000000000000e+02	4.118874360061009561e-05	3.902396950366948664e-05	4.335351769755070459e-05
2.620000000000000000e+02	4.259141622925113814e-05	4.045876885828549410e-05	4.472406360021678219e-05
2.630000000000000000e+02	4.077507000199565696e-05	3.861760642262522975e-05	4.293253358136608417e-05
2.640000000000000000e+02	4.053290070572265020e-05	3.872568476272840563e-05	4.234011664871689478e-05
2.650000000000000000e+02	3.916607809744339949e-05	3.718774071902754524e-05	4.114441547585925374e-05
2.660000000000000000e+02	3.763968787395209739e-05	3.559606750827100298e-05	3.968330823963319180e-05
2.670000000000000000e+02	3.956418568209460777e-05	3.762745312780333627e-05	4.150091823638587927e-05
2.680000000000000000e+02	3.785697290722883136e-05	3.596139110006345085e-05	3.975255471439421187e-05
2.690000000000000000e+02	3.749767008936939229e-05	3.600551621037064424e-05	3.898982396836814035e-05
2.700000000000000000e+02	3.607098199841736789e-05	3.394404388756930464e-05	3.819792010926543113e-05
2.710000000000000000e+02	3.546570330294276658e-05	3.375896763900396229e-05	3.717243896688157088e-05
2.720000000000000000e+02	3.603563548855831094e-05	3.391190946513144726e-05	3.815936151198517462e-05
2.730000000000000000e+02	3.412913181315841549e-05	3.244540092789117936e-05	3.581286269842565162e-05
2.740000000000000000e+02	3.468999604379550375e-05	3.288383318910236409e-05	3.649615889848864341e-05
2.750000000000000000e+02	3.359891293349132199e-05	3.185902089264310575e-05	3.533880497433953822e-05
2.760000000000000000e+02	3.299683563340627569e-05	3.106973133148466660e-05	3.492393993532788479e-05
2.770000000000000000e+02	3.346897067934830007e-05	3.172048489760002666e-05	3.521745646109657348e-05
2.780000000000000000e+02	3.140641815761515960e-05	2.970856836256433639e-05	3.310426795266598282e-05
2.790000000000000000e+02	3.103942542613834693e-05	2.938167885665742357e-05	3.269717199561927368e-05
2.800000000000000000e+02	3.220697027279700620e-05	3.041170183489299826e-05	3.400223871070101752e-05
2.810000000000000000e+02	3.057150543064471391e-05	2.898106403460136120e-05	3.216194682668807001e-05
2.820000000000000000e+02	3.010813088623319771e-05	2.859973745218534168e-05	3.161652432028105712e-05
2.830000000000000000e+02	2.890252448913555581e-05	2.743813019428217799e-05	3.036691878398893363e-05
2.840000000000000000e+02	2.958604137767891279e-05	2.823411149462792669e-05	3.093797126072989550e-05
2.850000000000000000e+02	2.850091284138210211e-05	2.692720280142820626e-05	3.007462288133599796e-05
2.860000000000000000e+02	2.798426674928161079e-05	2.648538419077259078e-05	2.948314930779063079e-05
2.870000000000000000e+02	2.771699825806174039e-05	2.629023556089293929e-05	2.914376095523054150e-05
2.880000000000000000e+02	2.737016111499502007e-05	2.611420147786599458e-05	2.862612075212404557e-05
2.890000000000000000e+02	2.741275747529657201e-05	2.599302857626154206e-05	2.883248637433160195e-05
2.900000000000000000e+02	2.613921309653085718e-05	2.480535672898652008e-05	2.747306946407519429e-05
2.910000000000000000e+02	2.645331535555180084e-05	2.494682299515850807e-05	2.795980771594509362e-05
2.920000000000000000e+02	2.573490555645779348e-05	2.442290645578547038e-05	2.704690465713011657e-05
2.930000000000000000e+02	2.577433581798118485e-05	2.447371793112203026e-05	2.707495370484033943e-05
2.940000000000000000e+02	2.517370983373917563e-05	2.395859601472993041e-05	2.638882365274842085e-05
2.950000000000000000e+02	2.408765239978433008e-05	2.291953003925118330e-05	2.525577476031747685e-05
2.960000000000000000e+02	2.406805152714022465e-05	2.299369930359924138e-05	2.514240375068120791e-05
2.970000000000000000e+02	2.384198972302127901e-05	2.263451353218242913e-05	2.504946591386012888e-05
2.980000000000000000e+02	2.374974452973508386e-05	2.253415399398845065e-05	2.496533506548171707e-05
2.990000000000000000e+02	2.291224001131644830e-05	2.168395421118919186e-05	2.414052581144370474e-05
3.000000000000000000e+02	2.211826849854259356e-05	2.080097793146728528e-05	2.343555906561790183e-05
3.010000000000000000e+02	2.348526216189947161e-05	2.222834518069464013e-05	2.474217914310430309e-05
3.020000000000000000e+02	2.180070873568960038e-05	2.074893935660292453e-05	2.285247811477627623e-05
3.030000000000000000e+02	2.207926233863396356e-05	2.092875212083616574e-05	2.322977255643176138e-05
3.040000000000000000e+02	2.067461648223302181e-05	1.970811867186605381e-05	2.164111429259998982e-05
3.050000000000000000e+02	2.198426177144360393e-05	2.081788058820370515e-05	2.315064295468350272e-05
3.060000000000000000e+02	2.071227719520796041e-05	1.980630148422224735e-05	2.161825290619367348e-05
3.070000000000000000e+02	1.977582843643892809e-05	1.881057121036784895e-05	2.074108566251000723e-05
3.080000000000000000e+02	2.037772033719310416e-05	1.920925783189642605e-05	2.154618284248978227e-05
3.090000000000000000e+02	1.992960465566629750e-05	1.883192184787321665e-05	2.102728746345937835e-05
3.100000000000000000e+02	1.989457532391144940e-05	1.885191567679358134e-05	2.093723497102931746e-05
3.110000000000000000e+02	1.927759275997715540e-05	1.831053141661844914e-05	2.024465410333586165e-05
3.120000000000000000e+02	1.848279554554131898e-05	1.755119077835454850e-05	1.941440031272808947e-05
3.130000000000000000e+02	1.938478617590208821e-05	1.865021916167591462e-05	2.011935319012826180e-05
3.140000000000000000e+02	1.807486493772486678e-05	1.736023338469118758e-05	1.878949649075854598e-05
3.150000000000000000e+02	1.834306467843227454e-05	1.753163954903445750e-05	1.915448980783009158e-05
3.160000000000000000e+02	1.747141264771755629e-05	1.663608972825795696e-05	1.830673556717715562e-05
3.170000000000000000e+02	1.718907220566852516e-05	1.643437440453320009e-05	1.794377000680385023e-05
3.180000000000000000e+02	1.813412096931717052e-05	1.725368717563502424e-05	1.901455476299931680e-05
3.190000000000000000e+02	1.668365158254948123e-05	1.586853144437307811e-05	1.749877172072588434e-05
3.200000000000000000e+02	1.707752621434286791e-05	1.627158312486703772e-05	1.788346930381869810e-05
3.210000000000000000e+02	1.643005899145100654e-05	1.582294276175597622e-05	1.703717522114603686e-05
3.220000000000000000e+02	1.634964458245844246e-05	1.549308700715309521e-05	1.720620215776378972e-05
3.230000000000000000e+02	1.603683866144651668e-05	1.521285460814150125e-05	1.686082271475153381e-05
3.240000000000000000e+02	1.559984426272079705e-05	1.483676640511615699e-05	1.636292212032543710e-05
3.250000000000000000e+02	1.577952983259088942e-05	1.493773315779159891e-05	1.662132650739017823e-05
3.260000000000000000e+02	1.560564447603968784e-05	1.481687000820767809e-05	1.639441894387169590e-05
3.270000000000000000e+02	1.518175041832409300e-05	1.430733954101646164e-05	1.605616129563172437e-05
3.280000000000000000e+02	1.485024669047116662e-05	1.417236969256356553e-05	1.552812368837876771e-05
3.290000000000000000e+02	1.418485642240725007e-05	1.342786477335943485e-05	1.494184807145506530e-05
3.300000000000000000e+02	1.491359665648838096e-05	1.415485506352617426e-05	1.567233824945058935e-05
3.310000000000000000e+02	1.415832115998757332e-05	1.335513216350740591e-05	1.496151015646774072e-05
3.320000000000000000e+02	1.385307531470789127e-05	1.315364752715613769e-05	1.455250310225964486e-05
3.330000000000000000e+02	1.366126519140724202e-05	1.297140985371018977e-05	1.435112052910429427e-05
3.340000000000000000e+02	1.356865505605389905e-05	1.284336377428229217e-05	1.429394633782550593e-05
3.350000000000000000e+02	1.393019793529821476e-05	1.321810260061609601e-05	1.464229326998033350e-05
3.360000000000000000e+02	1.296265672954780887e-05	1.229600394095135775e-05	1.362930951814425999e-05
3.370000000000000000e+02	1.311991989783971630e-05	1.245753422242052179e-05	1.378230557325891081e-05
3.380000000000000000e+02	1.280574782954997238e-05	1.213191159447529662e-05	1.347958406462464813e-05
3.390000000000000000e+02	1.278201103005977698e-05	1.212263086508610453e-05	1.344139119503344944e-05
3.400000000000000000e+02	1.259877032662576222e-05	1.190081485846007691e-05	1.329672579479144754e-05
3.410000000000000000e+02	1.200659152558531080e-05	1.144581827773988146e-05	1.256736477343074014e-05
3.420000000000000000e+02	1.242963428990869668e-05	1.180858025925636762e-05	1.305068832056102574e-05
3.430000000000000000e+02	1.189526317475731679e-05	1.131389635961278369e-05	1.247662998990184990e-05
3.440000000000000000e+02	1.197417540240370097e-05	1.138241111368024077e-05	1.256593969112716117e-05
3.450000000000000000e+02	1.157575917519074845e-05	1.105827643693139164e-05	1.209324191345010526e-05
3.460000000000000000e+02	1.109874834347885383e-05	1.056072947149841137e-05	1.163676721545929630e-05
3.470000000000000000e+02	1.124401111507584928e-05	1.064577681218570515e-05	1.184224541796599342e-05
3.480000000000000000e+02	1.114770463283149231e-05	1.057554703927153660e-05	1.171986222639144801e-05
3.490000000000000000e+02	1.116287553966006205e-05	1.053563981018104712e-05	1.179011126913907699e-05
3.500000000000000000e+02	1.071462693935117507e-05	1.019002845176730156e-05	1.123922542693504858e-05
3.510000000000000000e+02	1.056281944887228823e-05	9.905205243649520226e-06	1.122043365409505623e-05
3.520000000000000000e+02	1.061486958235530299e-05	9.998840340430521537e-06	1.123089882428008445e-05
3.530000000000000000e+02	1.014174448504357660e-05	9.643394914953444684e-06	1.064009405513370852e-05
3.540000000000000000e+02	1.031577697710062942e-05	9.740794174614937683e-06	1.089075977958632116e-05
3.550000000000000000e+02	9.833089172977503160e-06	9.249544297924815330e-06	1.041663404803019099e-05
3.560000000000000000e+02	1.007488320327389831e-05	9.519090007788069197e-06	1.063067639875972742e-05
3.570000000000000000e+02	9.711999078726428773e-06	9.164023822692308899e-06	1.025997433476054865e-05
3.580000000000000000e+02	9.354037487219971775e-06	8.862804768037623102e-06	9.845270206402320447e-06
3.590000000000000000e+02	9.684416165893164967e-06	9.181790401522771930e-06	1.018704193026355800e-05
3.600000000000000000e+02	9.276934949514874590e-06	8.751518995363983145e-06	9.802350903665766035e-06
3.610000000000000000e+02	9.278799696329049173e-06	8.792325958323087177e-06	9.765273434335011168e-06
3.620000000000000000e+02	9.034900253264000326e-06	8.575807888819900724e-06	9.493992617708099928e-06
3.630000000000000000e+02	8.921051832553756884e-06	8.478543822652826237e-06	9.363559842454687531e-06
3.640000000000000000e+02	8.774206379265320522e-06	8.285794472651336783e-06	9.262618285879304261e-06
3.650000000000000000e+02	8.633593332566802866e-06	8.168830241672863008e-06	9.098356423460742724e-06
3.660000000000000000e+02	8.664766708881843852e-06	8.239060535737889485e-06	9.090472882025798219e-06
3.670000000000000000e+02	8.458836290637407058e-06	7.998391666928233328e-06	8.919280914346580788e-06
3.680000000000000000e+02	8.328112985511348630e-06	7.878968110196974987e-06	8.777257860825722274e-06
3.690000000000000000e+02	8.307733744757312360e-06	7.879242579297158073e-06	8.736224910217466646e-06
3.700000000000000000e+02	7.992154401756775212e-06	7.559099834035725525e-06	8.425208969477824899e-06
3.710000000000000000e+02	8.042312786436278365e-06	7.613422075547258200e-06	8.471203497325299376e-06
3.720000000000000000e+02	7.629346224324648163e-06	7.208410459169474587e-06	8.050281989479820893e-06
3.730000000000000000e+02	8.036327182903193944e-06	7.664847693168548516e-06	8.407806672637839371e-06
3.740000000000000000e+02	7.646754608756543443e-06	7.215595745620930336e-06	8.077913471892156550e-06
3.750000000000000000e+02	7.483048828409647009e-06	7.108432712715970339e-06	7.857664944103323680e-06
3.760000000000000000e+02	7.497641691779309853e-06	7.086508661959480607e-06	7.908774721599139945e-06
3.770000000000000000e+02	7.282488193656297215e-06	6.886391825087109855e-06	7.678584562225483729e-06
3.780000000000000000e+02	7.206863959354267086e-06	6.805801828347582070e-06	7.607926090360952102e-06
3.790000000000000000e+02	7.044102085482033611e-06	6.710704660135569676e-06	7.377499510828497546e-06
3.800000000000000000e+02	7.051345016494153483e-06	6.659163180468653558e-06	7.443526852519653408e-06
3.810000000000000000e+02	6.943924867425769810e-06	6.585313529530531173e-06	7.302536205321008447e-06
3.820000000000000000e+02	6.807255472088875219e-06	6.376981351864491886e-06	7.237529592313258552e-06
3.830000000000000000e+02	6.725314385816523448e-06	6.388578766442439580e-06	7.062050005190607317e-06
3.840000000000000000e+02	6.528455050902386172e-06	6.172860340187661350e-06	6.884049761617110994e-06
3.850000000000000000e+02	6.545232292159771869e-06	6.186365177223867382e-06	6.904099407095676357e-06
3.860000000000000000e+02	6.642179903036451384e-06	6.268394843509435282e-06	7.015964962563467485e-06
3.870000000000000000e+02	6.388202129143588690e-06	6.033326860425445941e-06	6.743077397861731438e-06
3.880000000000000000e+02	6.373912167675739867e-06	6.018985772289548838e-06	6.728838563061930895e-06
3.890000000000000000e+02	6.017231307836707535e-06	5.666480082162293460e-06	6.367982533511121611e-06
3.900000000000000000e+02	6.240337989759708771e-06	5.875166557519712110e-06	6.605509421999705432e-06
3.910000000000000000e+02	6.143164490158504052e-06	5.834103068739285574e-06	6.452225911577722531e-06
3.920000000000000000e+02	5.939983871045168378e-06	5.624783334137541021e-06	6.255184407952795735e-06
3.930000000000000000e+02	5.794810596119275671e-06	5.440152700683205731e-06	6.149468491555345611e-06
3.940000000000000000e+02	5.804606507618159851e-06	5.502893153507519603e-06	6.106319861728800098e-06
3.950000000000000000e+02	5.786085093313016360e-06	5.437466393314505440e-06	6.134703793311527279e-06
3.960000000000000000e+02	5.537727460199574112e-06	5.215035480647797245e-06	5.860419439751350980e-06
3.970000000000000000e+02	5.560226742517805171e-06	5.251493422631733790e-06	5.868960062403876551e-06
3.980000000000000000e+02	5.544401951751382387e-06	5.241374107022879741e-06	5.847429796479885033e-06
3.990000000000000000e+02	5.392354062768157920e-06	5.111034340682226079e-06	5.673673784854089761e-06
4.000000000000000000e+02	5.467675465449788486e-06	5.169259069973865402e-06	5.766091860925711570e-06
4.010000000000000000e+02	5.125395409344774444e-06	4.811777858496908673e-06	5.439012960192640214e-06
4.020000000000000000e+02	5.290928768001404157e-06	4.984284797925288294e-06	5.597572738077520020e-06
4.030000000000000000e+02	5.121190544375274336e-06	4.829504583400152224e-06	5.412876505350396449e-06
4.040000000000000000e+02	5.085534119951378563e-06	4.805893581311009663e-06	5.365174658591747462e-06
4.050000000000000000e+02	4.996963746399263554e-06	4.706188143490692768e-06	5.287739349307834339e-06
4.060000000000000000e+02	4.786945276886677672e-06	4.509885209502359820e-06	5.064005344270995525e-06
4.070000000000000000e+02	5.100309926255895335e-06	4.811754704698449228e-06	5.388865147813341442e-06
4.080000000000000000e+02	4.673975578062737806e-06	4.412347631010054040e-06	4.935603525115421573e-06
4.090000000000000000e+02	4.860223291214461503e-06	4.613525815523276738e-06	5.106920766905646269e-06
4.100000000000000000e+02	4.622517643418231778e-06	4.351254008965127323e-06	4.893781277871336233e-06
4.110000000000000000e+02	4.556747172251842743e-06	4.319526461558495469e-06	4.793967882945190016e-06
4.120000000000000000e+02	4.669034463887154221e-06	4.447822846419757422e-06	4.890246081354551021e-06
4.130000000000000000e+02	4.381917149465701024e-06	4.140713648914398718e-06	4.623120650017003330e-06
4.140000000000000000e+02	4.418382045561614928e-06	4.158834492394686086e-06	4.677929598728543770e-06
4.150000000000000000e+02	4.393439301550613229e-06	4.151099276841371665e-06	4.635779326259854793e-06
4.160000000000000000e+02	4.294570711136415172e-06	4.065877235515262012e-06	4.523264186757568332e-06
4.170000000000000000e+02	4.395578754651678043e-06	4.124092134211299659e-06	4.667065375092056427e-06
4.180000000000000000e+02	4.063522558035670273e-06	3.824162033000495067e-06	4.302883083070845479e-06
4.190000000000000000e+02	4.178549065774019867e-06	3.937902161214850464e-06	4.419195970333189269e-06
4.200000000000000000e+02	4.129712575335639362e-06	3.899354250988596873e-06	4.360070899682681851e-06
4.210000000000000000e+02	3.983957104005225059e-06	3.763105599232017255e-06	4.204808608778432440e-06
4.220000000000000000e+02	4.049938934203665642e-06	3.828526142019475007e-06	4.271351726387856277e-06
4.230000000000000000e+02	3.876312701819033284e-06	3.633807492141654309e-06	4.118817911496411836e-06
4.240000000000000000e+02	4.041301958451962665e-06	3.815053097869325707e-06	4.267550819034599623e-06
4.250000000000000000e+02	3.802673760103150115e-06	3.584734267813169906e-06	4.020613252393130324e-06
4.260000000000000000e+02	3.735941362269215445e-06	3.544320426968406707e-06	3.927562297570024606e-06
4.270000000000000000e+02	3.756799214704751825e-06	3.549275802612936487e-06	3.964322626796566739e-06
4.280000000000000000e+02	3.653535894073195736e-06	3.445838188080015115e-06	3.861233600066376356e-06
4.290000000000000000e+02	3.725806864069152499e-06	3.529700828672508050e-06	3.921912899465796949e-06
4.300000000000000000e+02	3.599855660985514075e-06	3.393365446603966469e-06	3.806345875367061681e-06
4.310000000000000000e+02	3.524992240991087775e-06	3.343214068419913854e-06	3.706770413562261696e-06
4.320000000000000000e+02	3.563902842002703540e-06	3.378344523912563391e-06	3.749461160092843690e-06
4.330000000000000000e+02	3.458129063913088864e-06	3.270678987541381942e-06	3.645579140284795785e-06
4.340000000000000000e+02	3.484232490579348452e-06	3.288238412216194703e-06	3.680226568942502201e-06
4.350000000000000000e+02	3.372454437908540775e-06	3.201788160755485019e-06	3.543120715061596532e-06
4.360000000000000000e+02	3.396936153169949747e-06	3.205133041254242366e-06	3.588739265085657127e-06
4.370000000000000000e+02	3.270267794057392106e-06	3.109542296032732901e-06	3.430993292082051311e-06
4.380000000000000000e+02	3.253710713011709889e-06	3.055406607948714529e-06	3.452014818074705248e-06
4.390000000000000000e+02	3.228278523553899185e-06	3.053312774294895811e-06	3.403244272812902560e-06
4.400000000000000000e+02	3.143969933086328304e-06	2.968669211492193763e-06	3.319270654680462846e-06
4.410000000000000000e+02	3.283337414085555788e-06	3.101039299537946368e-06	3.465635528633165208e-06
4.420000000000000000e+02	3.071894098749232991e-06	2.887572739568334118e-06	3.256215457930131864e-06
4.430000000000000000e+02	3.098930027995300415e-06	2.933674046464717477e-06	3.264186009525883354e-06
4.440000000000000000e+02	2.982672558262415493e-06	2.821992481160392444e-06	3.143352635364438542e-06
4.450000000000000000e+02	3.051913555741484696e-06	2.920683185860946877e-06	3.183143925622022514e-06
4.460000000000000000e+02	2.927437379398982041e-06	2.765475759159654573e-06	3.089398999638309509e-06
4.470000000000000000e+02	2.969133395554487877e-06	2.806194383407018788e-06	3.132072407701956966e-06
4.480000000000000000e+02	2.940066663200174962e-06	2.788455499151682532e-06	3.091677827248667393e-06
4.490000000000000000e+02	2.890951278783953993e-06	2.738536477084983016e-06	3.043366080482924971e-06
4.500000000000000000e+02	2.838781048265860457e-06	2.684746427627209539e-06	2.992815668904511375e-06
4.510000000000000000e+02	2.770857804430238367e-06	2.618944312827625989e-06	2.922771296032850746e-06
4.520000000000000000e+02	2.733038332681900544e-06	2.578422993801535453e-06	2.887653671562265634e-06
4.530000000000000000e+02	2.791432168178570088e-06	2.630126154625639107e-06	2.952738181731501069e-06
4.540000000000000000e+02	2.694588795245632050e-06	2.554995841416199535e-06	2.834181749075064566e-06
4.550000000000000000e+02	2.712321838866759578e-06	2.540701448325567110e-06	2.883942229407952045e-06
4.560000000000000000e+02	2.616815307808738825e-06	2.472167091659447731e-06	2.761463523958029919e-06
4.570000000000000000e+02	2.632024083725215813e-06	2.493401112334372539e-06	2.770647055116059086e-06
4.580000000000000000e+02	2.639478143258584238e-06	2.492490136184685440e-06	2.786466150332483037e-06
4.590000000000000000e+02	2.556609747774815875e-06	2.404260514015973475e-06	2.708958981533658274e-06
4.600000000000000000e+02	2.586037865937501491e-06	2.447138102458187840e-06	2.724937629416815142e-06
4.610000000000000000e+02	2.455647794780913755e-06	2.327023275124796074e-06	2.584272314437031436e-06
4.620000000000000000e+02	2.544900106650949629e-06	2.385285078055025940e-06	2.704515135246873319e-06
4.630000000000000000e+02	2.479402107871835819e-06	2.354806496571191740e-06	2.603997719172479898e-06
4.640000000000000000e+02	2.373846561893224893e-06	2.238313030707375283e-06	2.509380093079074504e-06
4.650000000000000000e+02	2.421422534495764169e-06	2.279038731351044448e-06	2.563806337640483890e-06
4.660000000000000000e+02	2.361069210497520099e-06	2.235147451027396716e-06	2.486990969967643483e-06
4.670000000000000000e+02	2.385525348208944724e-06	2.253887448160815056e-06	2.517163248257074392e-06
4.680000000000000000e+02	2.302455254219871622e-06	2.176718468888290996e-06	2.428192039551452249e-06
4.690000000000000000e+02	2.250045514837647174e-06	2.127367832427672382e-06	2.372723197247621966e-06
4.700000000000000000e+02	2.345388437519313684e-06	2.212150876002804388e-06	2.478625999035822981e-06
4.710000000000000000e+02	2.254385291481074556e-06	2.126042108002519415e-06	2.382728474959629697e-06
4.720000000000000000e+02	2.303524174392982071e-06	2.158618123098398715e-06	2.448430225687565426e-06
4.730000000000000000e+02	2.178547361879511306e-06	2.035765834307684718e-06	2.321328889451337894e-06
4.740000000000000000e+02	2.190121191283654293e-06	2.058054582569799097e-06	2.322187799997509489e-06
4.750000000000000000e+02	2.220284437894670002e-06	2.083872948735532268e-06	2.356695927053807737e-06
4.760000000000000000e+02	2.117397501089084978e-06	1.996761527329340361e-06	2.238033474848829596e-06
4.770000000000000000e+02	2.148043075568294409e-06	2.026871425049938123e-06	2.269214726086650696e-06
4.780000000000000000e+02	2.080025548994379750e-06	1.982538664485826905e-06	2.177512433502932595e-06
4.790000000000000000e+02	2.102731340677991402e-06	1.996049151644380024e-06	2.209413529711602781e-06
4.800000000000000000e+02	2.090925992767277611e-06	1.966548176013522872e-06	2.215303809521032350e-06
4.810000000000000000e+02	2.033963654104431119e-06	1.916108625325170878e-06	2.151818682883691360e-06
4.820000000000000000e+02	2.076807485863747563e-06	1.955359597941836926e-06	2.198255373785658200e-06
4.830000000000000000e+02	2.015608151929499066e-06	1.897612134463223282e-06	2.133604169395774850e-06
4.840000000000000000e+02	2.040346377073819520e-06	1.927130798921703410e-06	2.153561955225935629e-06
4.850000000000000000e+02	1.987088901689150530e-06	1.869732234474305739e-06	2.104445568903995322e-06
4.860000000000000000e+02	1.954236514757881421e-06	1.825692476931584590e-06	2.082780552584178252e-06
4.870000000000000000e+02	1.990044720805133635e-06	1.877241322091286195e-06	2.102848119518981076e-06
4.880000000000000000e+02	1.920324237224757436e-06	1.807963744090183466e-06	2.032684730359331619e-06
4.890000000000000000e+02	1.907806860652922721e-06	1.794353244693819866e-06	2.021260476612025577e-06
4.900000000000000000e+02	1.925476033413148172e-06	1.816406233392894265e-06	2.034545833433402078e-06
4.910000000000000000e+02	1.914323169531434943e-06	1.802193543874024560e-06	2.026452795188845114e-06
4.920000000000000000e+02	1.884175911385349028e-06	1.770499005803213943e-06	1.997852816967483901e-06
4.930000000000000000e+02	1.836614164155225402e-06	1.736943053408872807e-06	1.936285274901578208e-06
4.940000000000000000e+02	1.865840029871461202e-06	1.754012203644264660e-06	1.977667856098657744e-06
4.950000000000000000e+02	1.816050030600606991e-06	1.707732727198009197e-06	1.924367334003204785e-06
4.960000000000000000e+02	1.859188942144631340e-06	1.753504855906327114e-06	1.964873028382935566e-06
4.970000000000000000e+02	1.809144196650513455e-06	1.703324902612813490e-06	1.914963490688213632e-06
4.980000000000000000e+02	1.794741609376395186e-06	1.694092264329404236e-06	1.895390954423386137e-06
4.990000000000000000e+02	1.803673722188576168e-06	1.704236088990962231e-06	1.903111355386190105e-06
5.000000000000000000e+02	1.796830644980653119e-06	1.683066236874238111e-06	1.910595053087068340e-06
5.010000000000000000e+02	1.821336173741496735e-06	1.712795162039610183e-06	1.929877185443383287e-06
5.020000000000000000e+02	1.782680751364186524e-06	1.672935013055288552e-06	1.892426489673084496e-06
5.030000000000000000e+02	1.782604431653305468e-06	1.686903831837811642e-06	1.878305031468799295e-06
5.040000000000000000e+02	1.825372570170165264e-06	1.720137553438373445e-06	1.930607586901957084e-06
5.050000000000000000e+02	1.827969947088507792e-06	1.722839158863265490e-06	1.933100735313749882e-06
5.060000000000000000e+02	1.838998935909756099e-06	1.725956994047732139e-06	1.952040877771780058e-06
5.070000000000000000e+02	1.815191209471533906e-06	1.703742965583642537e-06	1.926639453359425064e-06
5.080000000000000000e+02	1.933509201107372034e-06	1.813804343138757636e-06	2.053214059075986433e-06
5.090000000000000000e+02	1.932335712457989510e-06	1.813663960696153107e-06	2.051007464219825702e-06
5.100000000000000000e+02	1.975277321356480340e-06	1.838806503459392190e-06	2.111748139253568490e-06
