0.000000000000000000e+00	3.937987057697878157e-02
1.000000000000000000e+00	4.213919149889007454e-02
2.000000000000000000e+00	4.326516463141347885e-02
3.000000000000000000e+00	4.331399066967173139e-02
4.000000000000000000e+00	3.630140274025390329e-02
5.000000000000000000e+00	3.338692096167480278e-02
6.000000000000000000e+00	2.996319798813860263e-02
7.000000000000000000e+00	2.365714664132111122e-02
8.000000000000000000e+00	2.143779220578690553e-02
9.000000000000000000e+00	1.694436683482182862e-02
1.000000000000000000e+01	1.353078751667307310e-02
1.100000000000000000e+01	1.088589907127082874e-02
1.200000000000000000e+01	1.034205166320996058e-02
1.300000000000000000e+01	8.473948451875953566e-03
1.400000000000000000e+01	7.376461891717730861e-03
1.500000000000000000e+01	6.652348566665929226e-03
1.600000000000000000e+01	5.497133781437057824e-03
1.700000000000000000e+01	4.866193453666772979e-03
1.800000000000000000e+01	3.990628734068508640e-03
1.900000000000000000e+01	3.669998305050734509e-03
2.000000000000000000e+01	3.271444845044849288e-03
2.100000000000000000e+01	2.749722246947546630e-03
2.200000000000000000e+01	2.318188450420725129e-03
2.300000000000000000e+01	2.175251927561000671e-03
2.400000000000000000e+01	1.891027091504832560e-03
2.500000000000000000e+01	3.536906806736665569e-03
2.600000000000000000e+01	1.424579417954093680e-03
2.700000000000000000e+01	1.243599958017747560e-03
2.800000000000000000e+01	1.046565271828732435e-03
2.900000000000000000e+01	8.680268324526198981e-04
3.000000000000000000e+01	7.698867940652638544e-04
3.100000000000000000e+01	6.189839400214731295e-04
3.200000000000000000e+01	5.400303200868555040e-04
3.300000000000000000e+01	4.918358854195880540e-04
3.400000000000000000e+01	4.377492040668762708e-04
3.500000000000000000e+01	3.974328438518916554e-04
3.600000000000000000e+01	3.300054324502984127e-04
3.700000000000000000e+01	3.004238874391222626e-04
3.800000000000000000e+01	2.740452329453720265e-04
3.900000000000000000e+01	2.166312251546670257e-04
4.000000000000000000e+01	2.165103918231595559e-04
4.100000000000000000e+01	1.971194290494860649e-04
4.200000000000000000e+01	1.715660869771143166e-04
4.300000000000000000e+01	1.504643967701401277e-04
4.400000000000000000e+01	1.435784061971030257e-04
4.500000000000000000e+01	1.229469606364281772e-04
4.600000000000000000e+01	1.216052388969825985e-04
4.700000000000000000e+01	1.029046264574368043e-04
4.800000000000000000e+01	9.937842166067792772e-05
4.900000000000000000e+01	9.109381273501007323e-05
5.000000000000000000e+01	8.555187679559841409e-05
5.100000000000000000e+01	7.601032272368632881e-05
5.200000000000000000e+01	6.693127305050432609e-05
5.300000000000000000e+01	6.117732056151652738e-05
5.400000000000000000e+01	5.798683335401423085e-05
5.500000000000000000e+01	5.344499076603097650e-05
5.600000000000000000e+01	5.199641702269940108e-05
5.700000000000000000e+01	4.831340874935192108e-05
5.800000000000000000e+01	4.534386450001689752e-05
5.900000000000000000e+01	4.158694833091910071e-05
6.000000000000000000e+01	3.894825120446891562e-05
6.100000000000000000e+01	3.477619352204487245e-05
6.200000000000000000e+01	3.476970281768343755e-05
6.300000000000000000e+01	3.232266210160252777e-05
6.400000000000000000e+01	2.899028132207568311e-05
6.500000000000000000e+01	2.774478754402476261e-05
6.600000000000000000e+01	2.566024428833504231e-05
6.700000000000000000e+01	2.408914025200336971e-05
6.800000000000000000e+01	2.360877346387462504e-05
6.900000000000000000e+01	2.239705636559150454e-05
7.000000000000000000e+01	2.055513237044110113e-05
7.100000000000000000e+01	1.998009861404321624e-05
7.200000000000000000e+01	1.818243198724185233e-05
7.300000000000000000e+01	1.693484596405285181e-05
7.400000000000000000e+01	1.598950123757910722e-05
7.500000000000000000e+01	1.587210742371268629e-05
7.600000000000000000e+01	1.503587690457414390e-05
7.700000000000000000e+01	1.443136610869286945e-05
7.800000000000000000e+01	1.307517250899180315e-05
7.900000000000000000e+01	1.225466398188395877e-05
8.000000000000000000e+01	1.229667359744345752e-05
8.100000000000000000e+01	1.150788073252850658e-05
8.200000000000000000e+01	1.115027125529958900e-05
8.300000000000000000e+01	9.967500883506496683e-06
8.400000000000000000e+01	9.580247116439937486e-06
8.500000000000000000e+01	1.004099627835413551e-05
8.600000000000000000e+01	8.947598605854394953e-06
8.700000000000000000e+01	8.796575696935139319e-06
8.800000000000000000e+01	8.156787511784093842e-06
8.900000000000000000e+01	7.865646167503959185e-06
9.000000000000000000e+01	7.358708829966522299e-06
9.100000000000000000e+01	7.181481921075469513e-06
9.200000000000000000e+01	6.793528753653091051e-06
9.300000000000000000e+01	6.324512771342948419e-06
9.400000000000000000e+01	6.329763284899117166e-06
9.500000000000000000e+01	5.756166811826124824e-06
9.600000000000000000e+01	5.713195122215391670e-06
9.700000000000000000e+01	5.540293247979538428e-06
9.800000000000000000e+01	5.339248458952043725e-06
9.900000000000000000e+01	5.130838151291359085e-06
1.000000000000000000e+02	4.966016562087486768e-06
1.010000000000000000e+02	4.764340296992575144e-06
1.020000000000000000e+02	4.542359581213766274e-06
1.030000000000000000e+02	4.311615315178454711e-06
1.040000000000000000e+02	4.229583505473259233e-06
1.050000000000000000e+02	4.068928308690042064e-06
1.060000000000000000e+02	3.847600011554285182e-06
1.070000000000000000e+02	3.662540892046459524e-06
1.080000000000000000e+02	3.680293914757988495e-06
1.090000000000000000e+02	3.469019744787597699e-06
1.100000000000000000e+02	3.450065589702748312e-06
1.110000000000000000e+02	3.292036019013164475e-06
1.120000000000000000e+02	3.228084214007126272e-06
1.130000000000000000e+02	2.962383620945294788e-06
1.140000000000000000e+02	2.849368893845751292e-06
1.150000000000000000e+02	2.726683513220767167e-06
1.160000000000000000e+02	2.734103743414583164e-06
1.170000000000000000e+02	2.616669538341242161e-06
1.180000000000000000e+02	2.552482745311181801e-06
1.190000000000000000e+02	2.429128098689586704e-06
1.200000000000000000e+02	2.355289943749532011e-06
1.210000000000000000e+02	2.343924231193032915e-06
1.220000000000000000e+02	2.291605016712931317e-06
1.230000000000000000e+02	2.050769699080894405e-06
1.240000000000000000e+02	2.057543859503036095e-06
1.250000000000000000e+02	1.978537406613807660e-06
1.260000000000000000e+02	1.923958217293294550e-06
1.270000000000000000e+02	1.805500482417694567e-06
1.280000000000000000e+02	1.822847879188317106e-06
1.290000000000000000e+02	1.751315986935121024e-06
1.300000000000000000e+02	1.713970463491592220e-06
1.310000000000000000e+02	1.623645654391477685e-06
1.320000000000000000e+02	1.511164607770459974e-06
1.330000000000000000e+02	1.529440265589393448e-06
1.340000000000000000e+02	1.465408662415151237e-06
1.350000000000000000e+02	1.440824035687707830e-06
1.360000000000000000e+02	1.359017409983972314e-06
1.370000000000000000e+02	1.294604198586825743e-06
1.380000000000000000e+02	1.290123700847948950e-06
1.390000000000000000e+02	1.287232590335421227e-06
1.400000000000000000e+02	1.218528580271948587e-06
1.410000000000000000e+02	1.220228997415751964e-06
1.420000000000000000e+02	1.143087115503818232e-06
1.430000000000000000e+02	1.100238644405686922e-06
1.440000000000000000e+02	1.049024933769984667e-06
1.450000000000000000e+02	1.003784785144762377e-06
1.460000000000000000e+02	9.871464727103879598e-07
1.470000000000000000e+02	9.463988930544502015e-07
1.480000000000000000e+02	9.648617663762070093e-07
1.490000000000000000e+02	9.260361119238510273e-07
1.500000000000000000e+02	8.805164202565757389e-07
1.510000000000000000e+02	8.522380607833320103e-07
1.520000000000000000e+02	8.304548273681083048e-07
1.530000000000000000e+02	8.119878508288992324e-07
1.540000000000000000e+02	7.956073322481198509e-07
1.550000000000000000e+02	7.513836916090658609e-07
1.560000000000000000e+02	7.227523369467877926e-07
1.570000000000000000e+02	7.382011867880468899e-07
1.580000000000000000e+02	7.018013178237246228e-07
1.590000000000000000e+02	6.842739107248243781e-07
1.600000000000000000e+02	6.589108043259965847e-07
1.610000000000000000e+02	6.396331780505236671e-07
1.620000000000000000e+02	6.254991122631039356e-07
1.630000000000000000e+02	5.966660945517753416e-07
1.640000000000000000e+02	5.690768207770709538e-07
1.650000000000000000e+02	5.583629348780628683e-07
1.660000000000000000e+02	5.550824159300139497e-07
1.670000000000000000e+02	5.335353258760464533e-07
1.680000000000000000e+02	5.269217558713277808e-07
1.690000000000000000e+02	5.028533325721298829e-07
1.700000000000000000e+02	4.968518340356287877e-07
1.710000000000000000e+02	4.806143372091430455e-07
1.720000000000000000e+02	4.570666495083298526e-07
1.730000000000000000e+02	4.497746395422739106e-07
1.740000000000000000e+02	4.378308358490078130e-07
1.750000000000000000e+02	4.218333135005515393e-07
1.760000000000000000e+02	4.208422186744468086e-07
1.770000000000000000e+02	4.105732259335168132e-07
1.780000000000000000e+02	3.920830677653190528e-07
1.790000000000000000e+02	3.845590419742274504e-07
1.800000000000000000e+02	3.709426944885566298e-07
1.810000000000000000e+02	3.580244515519666627e-07
1.820000000000000000e+02	3.641144136481477748e-07
1.830000000000000000e+02	3.440408304819325728e-07
1.840000000000000000e+02	3.390050340090839004e-07
1.850000000000000000e+02	3.290511433944613530e-07
1.860000000000000000e+02	3.226707979920837887e-07
1.870000000000000000e+02	3.100168775636428478e-07
1.880000000000000000e+02	3.029315552886777250e-07
1.890000000000000000e+02	2.883723368044652379e-07
1.900000000000000000e+02	2.868748898568338337e-07
1.910000000000000000e+02	2.798401315662817545e-07
1.920000000000000000e+02	2.655995558676158179e-07
1.930000000000000000e+02	2.723139421923350704e-07
1.940000000000000000e+02	2.650431558060429115e-07
1.950000000000000000e+02	2.544595172818543541e-07
1.960000000000000000e+02	2.469395516161870071e-07
1.970000000000000000e+02	2.414130998142476976e-07
1.980000000000000000e+02	2.377249551696619054e-07
1.990000000000000000e+02	2.242823667632851590e-07
2.000000000000000000e+02	2.274761483969680779e-07
2.010000000000000000e+02	2.172452193728657938e-07
2.020000000000000000e+02	2.108071947308249820e-07
2.030000000000000000e+02	2.038132810044873558e-07
2.040000000000000000e+02	2.017612802991034926e-07
2.050000000000000000e+02	2.031240861601921487e-07
2.060000000000000000e+02	1.941732275372647703e-07
2.070000000000000000e+02	1.842611984870728910e-07
2.080000000000000000e+02	1.852803491455684593e-07
2.090000000000000000e+02	1.821063551596270054e-07
2.100000000000000000e+02	1.727218076074356138e-07
2.110000000000000000e+02	1.652602065708628758e-07
2.120000000000000000e+02	1.691899063032450195e-07
2.130000000000000000e+02	1.630619619906401824e-07
2.140000000000000000e+02	1.625098671881964384e-07
2.150000000000000000e+02	1.564935576014142038e-07
2.160000000000000000e+02	1.539282916944960749e-07
2.170000000000000000e+02	1.505746265309180576e-07
2.180000000000000000e+02	1.468770641677370539e-07
2.190000000000000000e+02	1.437896332863092441e-07
2.200000000000000000e+02	1.369853770245299118e-07
2.210000000000000000e+02	1.338000386368497410e-07
2.220000000000000000e+02	1.312076282514150157e-07
2.230000000000000000e+02	1.315151340999422444e-07
2.240000000000000000e+02	1.241137964471008322e-07
2.250000000000000000e+02	1.199667996898901412e-07
2.260000000000000000e+02	1.196439535792766451e-07
2.270000000000000000e+02	1.192046312807952196e-07
2.280000000000000000e+02	1.156531649582634571e-07
2.290000000000000000e+02	1.158287050064337708e-07
2.300000000000000000e+02	1.099056374755799344e-07
2.310000000000000000e+02	1.083837846656586924e-07
2.320000000000000000e+02	1.065063987809541489e-07
2.330000000000000000e+02	1.028539509413488281e-07
2.340000000000000000e+02	9.925795995903488102e-08
2.350000000000000000e+02	9.836084012186370718e-08
2.360000000000000000e+02	9.561273993760966450e-08
2.370000000000000000e+02	9.603641497615856074e-08
2.380000000000000000e+02	8.962607127349505783e-08
2.390000000000000000e+02	8.915562600480507329e-08
2.400000000000000000e+02	8.607619367376672772e-08
2.410000000000000000e+02	8.458277926156191076e-08
2.420000000000000000e+02	8.527098306779319604e-08
2.430000000000000000e+02	8.323332172687273557e-08
2.440000000000000000e+02	7.834296596685892063e-08
2.450000000000000000e+02	7.842135716898128219e-08
2.460000000000000000e+02	7.466808896674392070e-08
2.470000000000000000e+02	7.292689932949420783e-08
2.480000000000000000e+02	7.254671928018499355e-08
2.490000000000000000e+02	7.040815849801578243e-08
2.500000000000000000e+02	6.738681676706469979e-08
2.510000000000000000e+02	6.751834981565526509e-08
2.520000000000000000e+02	6.662878846335545650e-08
2.530000000000000000e+02	6.556106679274156492e-08
2.540000000000000000e+02	6.243339537685577524e-08
2.550000000000000000e+02	6.383233608715370811e-08
2.560000000000000000e+02	6.174772733639502599e-08
2.570000000000000000e+02	5.995689271040747664e-08
2.580000000000000000e+02	5.800200377823320215e-08
2.590000000000000000e+02	5.790917720115786377e-08
2.600000000000000000e+02	5.802126133715468280e-08
2.610000000000000000e+02	5.506525371834883820e-08
2.620000000000000000e+02	5.434712159567542292e-08
2.630000000000000000e+02	5.362022807132979552e-08
2.640000000000000000e+02	5.177021606522787220e-08
2.650000000000000000e+02	5.005326084906618542e-08
2.660000000000000000e+02	4.955510478736773744e-08
2.670000000000000000e+02	4.715354826196085531e-08
2.680000000000000000e+02	4.704382069839824912e-08
2.690000000000000000e+02	4.832674780202548299e-08
2.700000000000000000e+02	4.483333694518537462e-08
2.710000000000000000e+02	4.628392444279356211e-08
2.720000000000000000e+02	4.360121075919426932e-08
2.730000000000000000e+02	4.340215106871637399e-08
2.740000000000000000e+02	4.298414103508668373e-08
2.750000000000000000e+02	4.206674651582793130e-08
2.760000000000000000e+02	4.035866228549552113e-08
2.770000000000000000e+02	4.027110190441593495e-08
2.780000000000000000e+02	3.858581241856073384e-08
2.790000000000000000e+02	3.770433048925395022e-08
2.800000000000000000e+02	3.804280477889360910e-08
2.810000000000000000e+02	3.631798342315626549e-08
2.820000000000000000e+02	3.632310956985704442e-08
2.830000000000000000e+02	3.497759296792930427e-08
2.840000000000000000e+02	3.368619817789962166e-08
2.850000000000000000e+02	3.383786197267212044e-08
2.860000000000000000e+02	3.270595321091589241e-08
2.870000000000000000e+02	3.275767911174997804e-08
2.880000000000000000e+02	3.225321160599269753e-08
2.890000000000000000e+02	3.112615185572576391e-08
2.900000000000000000e+02	2.973632798956678852e-08
2.910000000000000000e+02	3.028558099926495353e-08
2.920000000000000000e+02	2.940198619636294284e-08
2.930000000000000000e+02	2.934816989355926938e-08
2.940000000000000000e+02	2.843167086107561543e-08
2.950000000000000000e+02	2.726641529500848693e-08
2.960000000000000000e+02	2.716290886015448707e-08
2.970000000000000000e+02	2.738782716810477384e-08
2.980000000000000000e+02	2.630739919709094156e-08
2.990000000000000000e+02	2.612153434113862275e-08
3.000000000000000000e+02	2.545770306914467262e-08
3.010000000000000000e+02	2.463207879117219991e-08
3.020000000000000000e+02	2.439759004479002641e-08
3.030000000000000000e+02	2.337177275268557946e-08
3.040000000000000000e+02	2.355460064626631259e-08
3.050000000000000000e+02	2.332157587552199600e-08
3.060000000000000000e+02	2.224328178113893527e-08
3.070000000000000000e+02	2.195344793657890635e-08
3.080000000000000000e+02	2.178353666877258317e-08
3.090000000000000000e+02	2.075114899812564134e-08
3.100000000000000000e+02	2.051090958240343825e-08
3.110000000000000000e+02	1.982616593644907835e-08
3.120000000000000000e+02	1.984680402008959925e-08
3.130000000000000000e+02	1.914214741284506037e-08
3.140000000000000000e+02	1.897981180947405503e-08
3.150000000000000000e+02	1.861706519398439003e-08
3.160000000000000000e+02	1.837345314177436693e-08
3.170000000000000000e+02	1.792495792696059699e-08
3.180000000000000000e+02	1.804016103498930625e-08
3.190000000000000000e+02	1.769265791145334143e-08
3.200000000000000000e+02	1.700405262753885908e-08
3.210000000000000000e+02	1.649582472062772022e-08
3.220000000000000000e+02	1.606530195744827311e-08
3.230000000000000000e+02	1.604550342046435314e-08
3.240000000000000000e+02	1.625778922452275331e-08
3.250000000000000000e+02	1.558999278772568559e-08
3.260000000000000000e+02	1.528688974227286279e-08
3.270000000000000000e+02	1.471502995731978761e-08
3.280000000000000000e+02	1.467170029112359702e-08
3.290000000000000000e+02	1.460261412955159768e-08
3.300000000000000000e+02	1.410046721508471768e-08
3.310000000000000000e+02	1.384722416762533718e-08
3.320000000000000000e+02	1.375437109066859482e-08
3.330000000000000000e+02	1.325495340515424208e-08
3.340000000000000000e+02	1.341377415291190093e-08
3.350000000000000000e+02	1.318661116414270251e-08
3.360000000000000000e+02	1.241825050237511797e-08
3.370000000000000000e+02	1.210929745601839156e-08
3.380000000000000000e+02	1.211422197846909393e-08
3.390000000000000000e+02	1.209515098385879980e-08
3.400000000000000000e+02	1.166801628379550787e-08
3.410000000000000000e+02	1.154349632977739751e-08
3.420000000000000000e+02	1.117281114278765380e-08
3.430000000000000000e+02	1.097580230109054499e-08
3.440000000000000000e+02	1.090644447202691684e-08
3.450000000000000000e+02	1.086618735844716725e-08
3.460000000000000000e+02	1.064895941421766828e-08
3.470000000000000000e+02	1.030900015618188707e-08
3.480000000000000000e+02	1.009353717740779724e-08
3.490000000000000000e+02	9.917802335139231017e-09
3.500000000000000000e+02	9.741325994225148436e-09
3.510000000000000000e+02	9.395668494784525755e-09
3.520000000000000000e+02	9.424392006845954970e-09
3.530000000000000000e+02	9.050650145743437357e-09
3.540000000000000000e+02	9.077805063019095108e-09
3.550000000000000000e+02	8.858154903096689974e-09
3.560000000000000000e+02	8.534738752333944953e-09
3.570000000000000000e+02	8.621934896312974907e-09
3.580000000000000000e+02	8.503466989128891375e-09
3.590000000000000000e+02	8.336242550312970130e-09
3.600000000000000000e+02	8.204731633826295646e-09
3.610000000000000000e+02	8.034856895997441293e-09
3.620000000000000000e+02	7.814555867851708092e-09
3.630000000000000000e+02	7.732758795504266456e-09
3.640000000000000000e+02	7.622366823371642268e-09
3.650000000000000000e+02	7.603295128157967640e-09
3.660000000000000000e+02	7.422370247459198901e-09
3.670000000000000000e+02	7.401952276602308368e-09
3.680000000000000000e+02	7.097785381773497410e-09
3.690000000000000000e+02	7.118674335930391001e-09
3.700000000000000000e+02	7.008804959549867130e-09
3.710000000000000000e+02	6.924954741301903473e-09
3.720000000000000000e+02	6.834030728403178668e-09
3.730000000000000000e+02	6.627965675452124600e-09
3.740000000000000000e+02	6.334068248690004907e-09
3.750000000000000000e+02	6.348255148939821904e-09
3.760000000000000000e+02	6.272347453923068427e-09
3.770000000000000000e+02	6.145132713139696086e-09
3.780000000000000000e+02	6.105292439709304568e-09
3.790000000000000000e+02	5.930611858430525362e-09
3.800000000000000000e+02	5.945114132888809952e-09
3.810000000000000000e+02	5.689428687798338883e-09
3.820000000000000000e+02	5.659477214727350604e-09
3.830000000000000000e+02	5.505804855145268186e-09
3.840000000000000000e+02	5.360312787518788508e-09
3.850000000000000000e+02	5.423279009216488988e-09
3.860000000000000000e+02	5.386187660760077557e-09
3.870000000000000000e+02	5.163492932560178533e-09
3.880000000000000000e+02	4.982008487218660548e-09
3.890000000000000000e+02	4.885080904223874265e-09
3.900000000000000000e+02	4.919287051260346736e-09
3.910000000000000000e+02	4.829779477968856769e-09
3.920000000000000000e+02	4.816471456164734392e-09
3.930000000000000000e+02	4.655381143515914875e-09
3.940000000000000000e+02	4.644890607957719297e-09
3.950000000000000000e+02	4.544845588484351253e-09
3.960000000000000000e+02	4.405312765930269416e-09
3.970000000000000000e+02	4.378590920731869385e-09
3.980000000000000000e+02	4.283294923236886362e-09
3.990000000000000000e+02	4.266789862130913318e-09
4.000000000000000000e+02	4.200642395647831417e-09
4.010000000000000000e+02	4.158800548326085383e-09
4.020000000000000000e+02	4.026143322564019002e-09
4.030000000000000000e+02	3.965273623526420148e-09
4.040000000000000000e+02	3.937385776237702166e-09
4.050000000000000000e+02	3.838779839407919797e-09
4.060000000000000000e+02	3.890850370173721840e-09
4.070000000000000000e+02	3.757051890597005520e-09
4.080000000000000000e+02	3.647796108563061129e-09
4.090000000000000000e+02	3.529277150389569352e-09
4.100000000000000000e+02	3.530552564614349088e-09
4.110000000000000000e+02	3.458843030352498959e-09
4.120000000000000000e+02	3.488220911569145799e-09
4.130000000000000000e+02	3.324383984260506240e-09
4.140000000000000000e+02	3.286670896826835559e-09
4.150000000000000000e+02	3.287961037445407741e-09
4.160000000000000000e+02	3.150862863093278645e-09
4.170000000000000000e+02	3.132255193526356538e-09
4.180000000000000000e+02	3.103562201383478042e-09
4.190000000000000000e+02	3.079576235838192566e-09
4.200000000000000000e+02	3.017002449204907977e-09
4.210000000000000000e+02	2.971101542725324829e-09
4.220000000000000000e+02	3.006045614155774487e-09
4.230000000000000000e+02	2.875087333877661144e-09
4.240000000000000000e+02	2.870570152303578468e-09
4.250000000000000000e+02	2.832575670962276680e-09
4.260000000000000000e+02	2.802815093995468776e-09
4.270000000000000000e+02	2.748770521996799576e-09
4.280000000000000000e+02	2.777667621261661500e-09
4.290000000000000000e+02	2.719727395355857393e-09
4.300000000000000000e+02	2.614064379576000079e-09
4.310000000000000000e+02	2.590485535713897275e-09
4.320000000000000000e+02	2.585032019851606712e-09
4.330000000000000000e+02	2.452816558311351925e-09
4.340000000000000000e+02	2.499300059194013928e-09
4.350000000000000000e+02	2.448339767771006592e-09
4.360000000000000000e+02	2.460516780053240473e-09
4.370000000000000000e+02	2.410172161545255138e-09
4.380000000000000000e+02	2.322970202744770927e-09
4.390000000000000000e+02	2.334803400909402045e-09
4.400000000000000000e+02	2.268106678057079335e-09
4.410000000000000000e+02	2.291863220797926395e-09
4.420000000000000000e+02	2.199969427006652512e-09
4.430000000000000000e+02	2.229624564451559781e-09
4.440000000000000000e+02	2.157133446722406257e-09
4.450000000000000000e+02	2.148157329876749314e-09
4.460000000000000000e+02	2.161922637020748230e-09
4.470000000000000000e+02	2.107063840084953212e-09
4.480000000000000000e+02	2.015953060941747853e-09
4.490000000000000000e+02	2.056649563900617773e-09
4.500000000000000000e+02	1.984499160417003567e-09
4.510000000000000000e+02	1.979090061476410993e-09
4.520000000000000000e+02	1.962728351296280316e-09
4.530000000000000000e+02	1.950966230556530314e-09
4.540000000000000000e+02	1.889694632282779914e-09
4.550000000000000000e+02	1.893851090732000379e-09
4.560000000000000000e+02	1.851614764125386585e-09
4.570000000000000000e+02	1.852071456871516778e-09
4.580000000000000000e+02	1.819967823217441912e-09
4.590000000000000000e+02	1.833085969535054767e-09
4.600000000000000000e+02	1.786743451122884279e-09
4.610000000000000000e+02	1.763757488361625595e-09
4.620000000000000000e+02	1.762684370803139833e-09
4.630000000000000000e+02	1.717933937604351621e-09
4.640000000000000000e+02	1.727856005174975330e-09
4.650000000000000000e+02	1.682360618526259494e-09
4.660000000000000000e+02	1.663473924990819593e-09
4.670000000000000000e+02	1.648627764312369093e-09
4.680000000000000000e+02	1.632412739755766814e-09
4.690000000000000000e+02	1.633862518482023113e-09
4.700000000000000000e+02	1.550927119121103157e-09
4.710000000000000000e+02	1.614778241583781934e-09
4.720000000000000000e+02	1.592315541773236719e-09
4.730000000000000000e+02	1.576794745479254627e-09
4.740000000000000000e+02	1.534838715999729051e-09
4.750000000000000000e+02	1.510101763289869318e-09
4.760000000000000000e+02	1.530275950807858878e-09
4.770000000000000000e+02	1.557381341908858257e-09
4.780000000000000000e+02	1.518453415959623061e-09
4.790000000000000000e+02	1.508813629292922831e-09
4.800000000000000000e+02	1.493461745331481203e-09
4.810000000000000000e+02	1.443727104669662491e-09
4.820000000000000000e+02	1.461393980484110972e-09
4.830000000000000000e+02	1.437189354217290683e-09
4.840000000000000000e+02	1.478848607808536266e-09
4.850000000000000000e+02	1.434996425535290293e-09
4.860000000000000000e+02	1.431119538531754759e-09
4.870000000000000000e+02	1.385216573672561071e-09
4.880000000000000000e+02	1.396457259760586168e-09
4.890000000000000000e+02	1.372713459419821945e-09
4.900000000000000000e+02	1.367550005342362010e-09
4.910000000000000000e+02	1.359799586447477471e-09
4.920000000000000000e+02	1.329917862714647822e-09
4.930000000000000000e+02	1.363943326637624023e-09
4.940000000000000000e+02	1.359498847535182881e-09
4.950000000000000000e+02	1.342296415385091103e-09
4.960000000000000000e+02	1.348810728285689029e-09
4.970000000000000000e+02	1.381619676292249606e-09
4.980000000000000000e+02	1.387259706315150848e-09
4.990000000000000000e+02	1.433277283982929986e-09
5.000000000000000000e+02	1.417514051677894149e-09
5.010000000000000000e+02	1.418060551230243114e-09
5.020000000000000000e+02	1.449683916991746142e-09
5.030000000000000000e+02	1.472818630088852831e-09
5.040000000000000000e+02	1.570157262859641835e-09
5.050000000000000000e+02	1.650741610412864833e-09
5.060000000000000000e+02	1.738063779422451721e-09
5.070000000000000000e+02	1.827235361511229613e-09
5.080000000000000000e+02	1.925749280245201967e-09
5.090000000000000000e+02	2.092756944034216649e-09
5.100000000000000000e+02	2.232919703900068169e-09
5.110000000000000000e+02	2.508381453128577426e-09
