0.000000000000000000e+00	1.292162576768958276e-27	8.676140200414206770e-28	1.716711133496496055e-27
1.000000000000000000e+00	7.881913817185760840e-03	4.349242197246195631e-03	1.141458543712532692e-02
2.000000000000000000e+00	9.486923968573429677e-02	5.158235504561441837e-02	1.381561243258541682e-01
3.000000000000000000e+00	5.577203815321475355e-01	3.533997982205926425e-01	7.620409648437024286e-01
4.000000000000000000e+00	2.214445233607739816e+00	1.641687669649557924e+00	2.787202797565921486e+00
5.000000000000000000e+00	3.099500706128809124e+00	2.188038988871994661e+00	4.010962423385623588e+00
6.000000000000000000e+00	6.183759831625145864e+00	4.681668560901748322e+00	7.685851102348543407e+00
7.000000000000000000e+00	7.698608838796268117e+00	5.883230951401456466e+00	9.513986726191079768e+00
8.000000000000000000e+00	1.020497799086665225e+01	7.582161080531925279e+00	1.282779490120137922e+01
9.000000000000000000e+00	1.643578989026307369e+01	1.376745263052227841e+01	1.910412715000386896e+01
1.000000000000000000e+01	1.497870464376491739e+01	1.211827011600180803e+01	1.783913917152802853e+01
1.100000000000000000e+01	1.933933462206950793e+01	1.563076445415794247e+01	2.304790478998107517e+01
1.200000000000000000e+01	1.978940101824604980e+01	1.608497130837026390e+01	2.349383072812183570e+01
1.300000000000000000e+01	2.548589868206840947e+01	2.141264748993235401e+01	2.955914987420446494e+01
1.400000000000000000e+01	2.700219335212266714e+01	2.248246735097403359e+01	3.152191935327130068e+01
1.500000000000000000e+01	2.455992627809786910e+01	2.066884997029891480e+01	2.845100258589682340e+01
1.600000000000000000e+01	3.506451788761783206e+01	3.047098266366584696e+01	3.965805311156982071e+01
1.700000000000000000e+01	3.414868431977086516e+01	2.939888168431670223e+01	3.889848695522503164e+01
1.800000000000000000e+01	3.573913538147317581e+01	3.072173117937767017e+01	4.075653958356868145e+01
1.900000000000000000e+01	3.536374568283206798e+01	3.002845292755250739e+01	4.069903843811162858e+01
2.000000000000000000e+01	3.439802528005055393e+01	2.908351235830830461e+01	3.971253820179280325e+01
2.100000000000000000e+01	4.312756957509560607e+01	3.797582291384267705e+01	4.827931623634853509e+01
2.200000000000000000e+01	4.322094434492402115e+01	3.767349939561478323e+01	4.876838929423325908e+01
2.300000000000000000e+01	4.363647539171932266e+01	3.762163112858081604e+01	4.965131965485782928e+01
2.400000000000000000e+01	4.344735607377337061e+01	3.806862837035257741e+01	4.882608377719416382e+01
2.500000000000000000e+01	1.140256533523430846e+02	1.009696049732078080e+02	1.270817017314783612e+02
2.600000000000000000e+01	4.385431222326981526e+01	3.862503452705141171e+01	4.908358991948821881e+01
2.700000000000000000e+01	4.221026118476316924e+01	3.701218150852655953e+01	4.740834086099977895e+01
2.800000000000000000e+01	4.412873408563487487e+01	3.831017453835071507e+01	4.994729363291903468e+01
2.900000000000000000e+01	3.702441143299182613e+01	3.271899110950152334e+01	4.132983175648212892e+01
3.000000000000000000e+01	4.149237571831481830e+01	3.679772561989066304e+01	4.618702581673897356e+01
3.100000000000000000e+01	3.703220306179176191e+01	3.250049823338252963e+01	4.156390789020099419e+01
3.200000000000000000e+01	3.376212435415375523e+01	2.992396029903765253e+01	3.760028840926985794e+01
3.300000000000000000e+01	3.456363396937246080e+01	3.059116246516460080e+01	3.853610547358032079e+01
3.400000000000000000e+01	3.483865496036092679e+01	3.114070249747129537e+01	3.853660742325055821e+01
3.500000000000000000e+01	3.208222016603571802e+01	2.865914819987574447e+01	3.550529213219569158e+01
3.600000000000000000e+01	3.017795894029315562e+01	2.650982929220340623e+01	3.384608858838290502e+01
3.700000000000000000e+01	2.824078963589374425e+01	2.525454748943782235e+01	3.122703178234966614e+01
3.800000000000000000e+01	2.880115488528287671e+01	2.561284033116925940e+01	3.198946943939649401e+01
3.900000000000000000e+01	2.541566837878486851e+01	2.288106729331798661e+01	2.795026946425175041e+01
4.000000000000000000e+01	2.746342187648014388e+01	2.439842323314388750e+01	3.052842051981640026e+01
4.100000000000000000e+01	2.433224076025789273e+01	2.142620724025598733e+01	2.723827428025979813e+01
4.200000000000000000e+01	2.448571803303779859e+01	2.252854116585438149e+01	2.644289490022121569e+01
4.300000000000000000e+01	2.375126032926467445e+01	2.115381793369527941e+01	2.634870272483406950e+01
4.400000000000000000e+01	2.191129222880476846e+01	1.965222713617386674e+01	2.417035732143567017e+01
4.500000000000000000e+01	2.290914784645476487e+01	2.014156673324902869e+01	2.567672895966050106e+01
4.600000000000000000e+01	2.053610465322195111e+01	1.830373128546507999e+01	2.276847802097882223e+01
4.700000000000000000e+01	2.183071725372602145e+01	1.947097145561362552e+01	2.419046305183841739e+01
4.800000000000000000e+01	2.070131534002644003e+01	1.907205825805736055e+01	2.233057242199551951e+01
4.900000000000000000e+01	2.007371924851916845e+01	1.818207198961596660e+01	2.196536650742237029e+01
5.000000000000000000e+01	1.956537268115623718e+01	1.810329180719282149e+01	2.102745355511965286e+01
5.100000000000000000e+01	1.855447009467581765e+01	1.689650932458945931e+01	2.021243086476217599e+01
5.200000000000000000e+01	1.932094688168110608e+01	1.775632701993718499e+01	2.088556674342502717e+01
5.300000000000000000e+01	1.665973528353021749e+01	1.515803968675924907e+01	1.816143088030118591e+01
5.400000000000000000e+01	1.739086601499658258e+01	1.600317751077736972e+01	1.877855451921579544e+01
5.500000000000000000e+01	1.760669746292323268e+01	1.605077902982811366e+01	1.916261589601835169e+01
5.600000000000000000e+01	1.583241363359307741e+01	1.457985015756734448e+01	1.708497710961880856e+01
5.700000000000000000e+01	1.718321770286772221e+01	1.575003938393714442e+01	1.861639602179829822e+01
5.800000000000000000e+01	1.502296387791744792e+01	1.354413126514002208e+01	1.650179649069487198e+01
5.900000000000000000e+01	1.678273253888215066e+01	1.560938138028002342e+01	1.795608369748427791e+01
6.000000000000000000e+01	1.556443451785037269e+01	1.399815874221292766e+01	1.713071029348781593e+01
6.100000000000000000e+01	1.458028047972265995e+01	1.316607976119601275e+01	1.599448119824930714e+01
6.200000000000000000e+01	1.534482211546450614e+01	1.416425244913739157e+01	1.652539178179162249e+01
6.300000000000000000e+01	1.361683628099842025e+01	1.240825246318423858e+01	1.482542009881260192e+01
6.400000000000000000e+01	1.572007870845170885e+01	1.440098331258723796e+01	1.703917410431618151e+01
6.500000000000000000e+01	1.373145987420306113e+01	1.249357114350984332e+01	1.496934860489627894e+01
6.600000000000000000e+01	1.415082005260008380e+01	1.317716768948067241e+01	1.512447241571949519e+01
6.700000000000000000e+01	1.371258629292366571e+01	1.267124253288344882e+01	1.475393005296388260e+01
6.800000000000000000e+01	1.307574987325845228e+01	1.183009591979263853e+01	1.432140382672426604e+01
6.900000000000000000e+01	1.409360068565629653e+01	1.301083072254295203e+01	1.517637064876964104e+01
7.000000000000000000e+01	1.262113107611010321e+01	1.167437264382287765e+01	1.356788950839732877e+01
7.100000000000000000e+01	1.280588440621184887e+01	1.183921540341865786e+01	1.377255340900503988e+01
7.200000000000000000e+01	1.352931414816211309e+01	1.257362592667856838e+01	1.448500236964565779e+01
7.300000000000000000e+01	1.211829413176173453e+01	1.108128537130907887e+01	1.315530289221439020e+01
7.400000000000000000e+01	1.263156515836582194e+01	1.139872684882404030e+01	1.386440346790760358e+01
7.500000000000000000e+01	1.178012732748704394e+01	1.083873259601509353e+01	1.272152205895899435e+01
7.600000000000000000e+01	1.247232872603220777e+01	1.145358740082351012e+01	1.349107005124090541e+01
7.700000000000000000e+01	1.250743504480634627e+01	1.155919058751037909e+01	1.345567950210231345e+01
7.800000000000000000e+01	1.140156980924276198e+01	1.049113321612336058e+01	1.231200640236216337e+01
7.900000000000000000e+01	1.163571571365903168e+01	1.075849273362485370e+01	1.251293869369320966e+01
8.000000000000000000e+01	1.128022225720907556e+01	1.044729220398221514e+01	1.211315231043593599e+01
8.100000000000000000e+01	1.207389147825389486e+01	1.113876862533672707e+01	1.300901433117106265e+01
8.200000000000000000e+01	1.118539555552109555e+01	1.025165995097634308e+01	1.211913116006584801e+01
8.300000000000000000e+01	1.114212246596030198e+01	1.020127704384007217e+01	1.208296788808053179e+01
8.400000000000000000e+01	1.071650743034366471e+01	9.848836577732031472e+00	1.158417828295529795e+01
8.500000000000000000e+01	1.139952003349202236e+01	1.049915556987229870e+01	1.229988449711174603e+01
8.600000000000000000e+01	1.095123447344163026e+01	1.011035575300542355e+01	1.179211319387783696e+01
8.700000000000000000e+01	1.051693765717390505e+01	9.665266626254236826e+00	1.136860868809357328e+01
8.800000000000000000e+01	1.029199948544425069e+01	9.614512434170727317e+00	1.096948653671777407e+01
8.900000000000000000e+01	1.085170106649309218e+01	9.985828132368890664e+00	1.171757400061729371e+01
9.000000000000000000e+01	1.015534480866485545e+01	9.287069533498726770e+00	1.102362008383098413e+01
9.100000000000000000e+01	1.051872543072802202e+01	9.828888434583971545e+00	1.120856242687207249e+01
9.200000000000000000e+01	9.847411464212632026e+00	9.133537183319544894e+00	1.056128574510571916e+01
9.300000000000000000e+01	1.014736317325206905e+01	9.471038224766099134e+00	1.082368812173803896e+01
9.400000000000000000e+01	9.771770069661233293e+00	9.044471776978944888e+00	1.049906836234352170e+01
9.500000000000000000e+01	9.755047404529145538e+00	9.003132614032651304e+00	1.050696219502563977e+01
9.600000000000000000e+01	9.485484708125667908e+00	8.858565800670232804e+00	1.011240361558110301e+01
9.700000000000000000e+01	9.742952442113328004e+00	9.025289207108254885e+00	1.046061567711840112e+01
9.800000000000000000e+01	1.034270247145557420e+01	9.573212090121806739e+00	1.111219285278934166e+01
9.900000000000000000e+01	8.937689639540311148e+00	8.401893378105199872e+00	9.473485900975422425e+00
1.000000000000000000e+02	9.425505449675274150e+00	8.731067314336872442e+00	1.011994358501367586e+01
1.010000000000000000e+02	8.683465221740251039e+00	8.066672470327111100e+00	9.300257973153390978e+00
1.020000000000000000e+02	9.421148443264998562e+00	8.716298634543756307e+00	1.012599825198624082e+01
1.030000000000000000e+02	9.348994414048968693e+00	8.703383881369859409e+00	9.994604946728077977e+00
1.040000000000000000e+02	8.483178899802441109e+00	7.970333676471311968e+00	8.996024123133571138e+00
1.050000000000000000e+02	8.958548670929443958e+00	8.364983351721360094e+00	9.552113990137527821e+00
1.060000000000000000e+02	8.608973905593465759e+00	8.142766677919315299e+00	9.075181133267616218e+00
1.070000000000000000e+02	8.666624750958241918e+00	8.035344954998983269e+00	9.297904546917500568e+00
1.080000000000000000e+02	8.753816871121406606e+00	8.062743453263477633e+00	9.444890288979335580e+00
1.090000000000000000e+02	8.265213167388679949e+00	7.711871970322233594e+00	8.818554364455126304e+00
1.100000000000000000e+02	8.849641459557199497e+00	8.262628851246693884e+00	9.436654067867705109e+00
1.110000000000000000e+02	7.996372090538537591e+00	7.456840793362731645e+00	8.535903387714343538e+00
1.120000000000000000e+02	8.352024167723246961e+00	7.742979618371471418e+00	8.961068717075022505e+00
1.130000000000000000e+02	8.096885414185493346e+00	7.567727767021692031e+00	8.626043061349294661e+00
1.140000000000000000e+02	8.022609913402677151e+00	7.471888298430735986e+00	8.573331528374618316e+00
1.150000000000000000e+02	8.324214279026614705e+00	7.754569065632673563e+00	8.893859492420556734e+00
1.160000000000000000e+02	7.890900545711373226e+00	7.411914066560921555e+00	8.369887024861824898e+00
1.170000000000000000e+02	7.833208242248213438e+00	7.277345120883675911e+00	8.389071363612750076e+00
1.180000000000000000e+02	7.645875959811488265e+00	7.157563783493435139e+00	8.134188136129541391e+00
1.190000000000000000e+02	7.673317047581480033e+00	7.128022908264135538e+00	8.218611186898824528e+00
1.200000000000000000e+02	7.890043052425650849e+00	7.298922564393953039e+00	8.481163540457348660e+00
1.210000000000000000e+02	7.643737760015698157e+00	7.151622697148819263e+00	8.135852822882577939e+00
1.220000000000000000e+02	7.464316940575488779e+00	6.995316702236712203e+00	7.933317178914265355e+00
1.230000000000000000e+02	7.678226855326179212e+00	7.219296020058567187e+00	8.137157690593792125e+00
1.240000000000000000e+02	7.168588044820405791e+00	6.675151477772836017e+00	7.662024611867975565e+00
1.250000000000000000e+02	7.278419233949878553e+00	6.803328805024325021e+00	7.753509662875432085e+00
1.260000000000000000e+02	7.137963755784570985e+00	6.730483236273763659e+00	7.545444275295378311e+00
1.270000000000000000e+02	7.481667022716514737e+00	6.919409756180356474e+00	8.043924289252673887e+00
1.280000000000000000e+02	7.048229734245772704e+00	6.601830026407064622e+00	7.494629442084480786e+00
1.290000000000000000e+02	7.047097988255863754e+00	6.690798902293600747e+00	7.403397074218126761e+00
1.300000000000000000e+02	6.893053204979285198e+00	6.496552346254891752e+00	7.289554063703678644e+00
1.310000000000000000e+02	6.896306312785460690e+00	6.474965727622249645e+00	7.317646897948671736e+00
1.320000000000000000e+02	7.065687271418371829e+00	6.658743282029121247e+00	7.472631260807622411e+00
1.330000000000000000e+02	6.768711489049836771e+00	6.332048578717135889e+00	7.205374399382537653e+00
1.340000000000000000e+02	6.943539535525649953e+00	6.486389965878039732e+00	7.400689105173260174e+00
1.350000000000000000e+02	6.570000822010672259e+00	6.150924916459452163e+00	6.989076727561892355e+00
1.360000000000000000e+02	6.807017239459444369e+00	6.377648835340228750e+00	7.236385643578659987e+00
1.370000000000000000e+02	6.470157955199749900e+00	6.074060337996921355e+00	6.866255572402578444e+00
1.380000000000000000e+02	6.335641332420902216e+00	5.848203518611310159e+00	6.823079146230494274e+00
1.390000000000000000e+02	6.620531176366305282e+00	6.250990519748815366e+00	6.990071832983795197e+00
1.400000000000000000e+02	6.517032255521602480e+00	6.142911782890008610e+00	6.891152728153196350e+00
1.410000000000000000e+02	6.429162893410028445e+00	6.052218883257786786e+00	6.806106903562270105e+00
1.420000000000000000e+02	6.182082043582165731e+00	5.844960856526985715e+00	6.519203230637345747e+00
1.430000000000000000e+02	6.078635891832925964e+00	5.663136967551156253e+00	6.494134816114695674e+00
1.440000000000000000e+02	6.472430218669980029e+00	6.058269559268320670e+00	6.886590878071639388e+00
1.450000000000000000e+02	6.348306168917859260e+00	5.984906636873454921e+00	6.711705700962263599e+00
1.460000000000000000e+02	6.123355257218110026e+00	5.768472864194259309e+00	6.478237650241960743e+00
1.470000000000000000e+02	5.926812016933854288e+00	5.536209704391709785e+00	6.317414329475998791e+00
1.480000000000000000e+02	6.041922365891878144e+00	5.695777321051147091e+00	6.388067410732609197e+00
1.490000000000000000e+02	6.119805952412483485e+00	5.764796226065684870e+00	6.474815678759282100e+00
1.500000000000000000e+02	5.661615288695888815e+00	5.350675298140404657e+00	5.972555279251372973e+00
1.510000000000000000e+02	5.914017073552588322e+00	5.581240210621673192e+00	6.246793936483503451e+00
1.520000000000000000e+02	5.533329787616697359e+00	5.152481122328729235e+00	5.914178452904665484e+00
1.530000000000000000e+02	5.898633356914375625e+00	5.551596036652384214e+00	6.245670677176367036e+00
1.540000000000000000e+02	5.702482179860535183e+00	5.361516556849092119e+00	6.043447802871978247e+00
1.550000000000000000e+02	5.543334700845608864e+00	5.182970995146653159e+00	5.903698406544564570e+00
1.560000000000000000e+02	5.654666358431444273e+00	5.283362610416634908e+00	6.025970106446253638e+00
1.570000000000000000e+02	5.597201260370445297e+00	5.241466556232941443e+00	5.952935964507949151e+00
1.580000000000000000e+02	5.651307472202937277e+00	5.420662527554997112e+00	5.881952416850877441e+00
1.590000000000000000e+02	5.333299717436060128e+00	4.993907825660990341e+00	5.672691609211129915e+00
1.600000000000000000e+02	5.249741287154257918e+00	4.933110006945384818e+00	5.566372567363131019e+00
1.610000000000000000e+02	5.654856716633750224e+00	5.311283933729425755e+00	5.998429499538074694e+00
1.620000000000000000e+02	5.269589376328086772e+00	4.938876362039970047e+00	5.600302390616203496e+00
1.630000000000000000e+02	5.471200795991634003e+00	5.153461911990890876e+00	5.788939679992377130e+00
1.640000000000000000e+02	5.125095548949391677e+00	4.799582657366425309e+00	5.450608440532358046e+00
1.650000000000000000e+02	5.179790526451277799e+00	4.836313132108532642e+00	5.523267920794022956e+00
1.660000000000000000e+02	5.133508583994217389e+00	4.886129477289876455e+00	5.380887690698558323e+00
1.670000000000000000e+02	4.959363752419024607e+00	4.602375366330382356e+00	5.316352138507666858e+00
1.680000000000000000e+02	5.118286923844909353e+00	4.790134803032423783e+00	5.446439044657394923e+00
1.690000000000000000e+02	5.041856947848080139e+00	4.774720667786982453e+00	5.308993227909177826e+00
1.700000000000000000e+02	5.091491024278855804e+00	4.790857824005765764e+00	5.392124224551945844e+00
1.710000000000000000e+02	4.985454458817627277e+00	4.672027299918041443e+00	5.298881617717213111e+00
1.720000000000000000e+02	4.596893346253855483e+00	4.314993129006068351e+00	4.878793563501642616e+00
1.730000000000000000e+02	4.962462511052915026e+00	4.684982139726415973e+00	5.239942882379414080e+00
1.740000000000000000e+02	4.836870853032892548e+00	4.520865215966660244e+00	5.152876490099124851e+00
1.750000000000000000e+02	4.683372983456644434e+00	4.402875562770547369e+00	4.963870404142741499e+00
1.760000000000000000e+02	4.776572698645665582e+00	4.536627923835453657e+00	5.016517473455877507e+00
1.770000000000000000e+02	4.577973500399966866e+00	4.297949598913572977e+00	4.857997401886360755e+00
1.780000000000000000e+02	4.808001903126645438e+00	4.498531609613197091e+00	5.117472196640093784e+00
1.790000000000000000e+02	4.533611995144200435e+00	4.248886976557328055e+00	4.818337013731072815e+00
1.800000000000000000e+02	4.599538882666683648e+00	4.275817943640251251e+00	4.923259821693116045e+00
1.810000000000000000e+02	4.452759576823681620e+00	4.207989368223428173e+00	4.697529785423935067e+00
1.820000000000000000e+02	4.506346404979139741e+00	4.231852164748985068e+00	4.780840645209294415e+00
1.830000000000000000e+02	4.380834104526655004e+00	4.104829753862863306e+00	4.656838455190446702e+00
1.840000000000000000e+02	4.387419249194580040e+00	4.151592018879075141e+00	4.623246479510084939e+00
1.850000000000000000e+02	4.234722633892440413e+00	4.011299255455430313e+00	4.458146012329450514e+00
1.860000000000000000e+02	4.291996402525337651e+00	4.088482099712922313e+00	4.495510705337752988e+00
1.870000000000000000e+02	4.336900257293922145e+00	4.102557676444007484e+00	4.571242838143836806e+00
1.880000000000000000e+02	4.238957651356744627e+00	4.018553479960811359e+00	4.459361822752677895e+00
1.890000000000000000e+02	4.183426536991794009e+00	3.945410563357614198e+00	4.421442510625973377e+00
1.900000000000000000e+02	4.046267928362043520e+00	3.834457560665118780e+00	4.258078296058967815e+00
1.910000000000000000e+02	4.261241146648777622e+00	4.064932256443124281e+00	4.457550036854430964e+00
1.920000000000000000e+02	4.050524084495856769e+00	3.827919576497734955e+00	4.273128592493978140e+00
1.930000000000000000e+02	4.088282077878624854e+00	3.867403798814152527e+00	4.309160356943097625e+00
1.940000000000000000e+02	3.986359065236521726e+00	3.772311134340547767e+00	4.200406996132495685e+00
1.950000000000000000e+02	4.074057799386120671e+00	3.821658232215072726e+00	4.326457366557169060e+00
1.960000000000000000e+02	3.984153980727644484e+00	3.780533936815960061e+00	4.187774024639328907e+00
1.970000000000000000e+02	4.029998350087796055e+00	3.802547294114829945e+00	4.257449406060762165e+00
1.980000000000000000e+02	3.836836920744715496e+00	3.639487609354577824e+00	4.034186232134853611e+00
1.990000000000000000e+02	3.959151383497152565e+00	3.751218396166554836e+00	4.167084370827749851e+00
2.000000000000000000e+02	3.754956598768119491e+00	3.517477764800476248e+00	3.992435432735762735e+00
2.010000000000000000e+02	3.779118774874506315e+00	3.554960419504170410e+00	4.003277130244842219e+00
2.020000000000000000e+02	3.864439567372937923e+00	3.628761753869734985e+00	4.100117380876140416e+00
2.030000000000000000e+02	3.683620214989876462e+00	3.484770180899322778e+00	3.882470249080430147e+00
2.040000000000000000e+02	3.808474769049770448e+00	3.588135976855681530e+00	4.028813561243859809e+00
2.050000000000000000e+02	3.581466597995702550e+00	3.361843946648897852e+00	3.801089249342507248e+00
2.060000000000000000e+02	3.675286273461860098e+00	3.452620094236890314e+00	3.897952452686829883e+00
2.070000000000000000e+02	3.560100000650979091e+00	3.372074025072487213e+00	3.748125976229470968e+00
2.080000000000000000e+02	3.645788913219580429e+00	3.455040910904046303e+00	3.836536915535114556e+00
2.090000000000000000e+02	3.619332118736518833e+00	3.419031877509944195e+00	3.819632359963093471e+00
2.100000000000000000e+02	3.408619926961646840e+00	3.210662418582745481e+00	3.606577435340548199e+00
2.110000000000000000e+02	3.456501817132098697e+00	3.258523194094502529e+00	3.654480440169694866e+00
2.120000000000000000e+02	3.498415052652727120e+00	3.306588916632941633e+00	3.690241188672512607e+00
2.130000000000000000e+02	3.408027223172766185e+00	3.248175934036469314e+00	3.567878512309063055e+00
2.140000000000000000e+02	3.459201711688907555e+00	3.297293357623791277e+00	3.621110065754023832e+00
2.150000000000000000e+02	3.219023849370434398e+00	3.070148029354827557e+00	3.367899669386041239e+00
2.160000000000000000e+02	3.406940723136691940e+00	3.196450966268814753e+00	3.617430480004569127e+00
2.170000000000000000e+02	3.332140162523727245e+00	3.145050689542735700e+00	3.519229635504718789e+00
2.180000000000000000e+02	3.185594163273878454e+00	3.016980881491748256e+00	3.354207445056008652e+00
2.190000000000000000e+02	3.379234958444337522e+00	3.192131476662332101e+00	3.566338440226342943e+00
2.200000000000000000e+02	3.193704102787636945e+00	3.044922725918608020e+00	3.342485479656665870e+00
2.210000000000000000e+02	3.287545260102062716e+00	3.081976939446823049e+00	3.493113580757302383e+00
2.220000000000000000e+02	3.138303916452894082e+00	2.961450326487225393e+00	3.315157506418562772e+00
2.230000000000000000e+02	3.109055522017479589e+00	2.961764297371956900e+00	3.256346746663002278e+00
2.240000000000000000e+02	3.048515649620910484e+00	2.904602007755408888e+00	3.192429291486412080e+00
2.250000000000000000e+02	3.158682294471576668e+00	2.995354402244297720e+00	3.322010186698855616e+00
2.260000000000000000e+02	3.125592917941219184e+00	2.972949652283046085e+00	3.278236183599392284e+00
2.270000000000000000e+02	3.001840974060972389e+00	2.824669581303700827e+00	3.179012366818243951e+00
2.280000000000000000e+02	3.018170926386674058e+00	2.846128995310135856e+00	3.190212857463212259e+00
2.290000000000000000e+02	2.996973379590712749e+00	2.840602163301870764e+00	3.153344595879554735e+00
2.300000000000000000e+02	2.967076206434000607e+00	2.784658870394947083e+00	3.149493542473054131e+00
2.310000000000000000e+02	2.929813530042060687e+00	2.793564253459698499e+00	3.066062806624422876e+00
2.320000000000000000e+02	2.868342699858944300e+00	2.733421102963254246e+00	3.003264296754634355e+00
2.330000000000000000e+02	2.950419910595174500e+00	2.794116591167756347e+00	3.106723230022592652e+00
2.340000000000000000e+02	2.831859295708332169e+00	2.691602923886793786e+00	2.972115667529870553e+00
2.350000000000000000e+02	2.780246551501148300e+00	2.619054380717174890e+00	2.941438722285121710e+00
2.360000000000000000e+02	2.801256019408536524e+00	2.633432277865167759e+00	2.969079760951905289e+00
2.370000000000000000e+02	2.791174240640143189e+00	2.658766967134701176e+00	2.923581514145585203e+00
2.380000000000000000e+02	2.779162173143784997e+00	2.619766038998414093e+00	2.938558307289155902e+00
2.390000000000000000e+02	2.699952807344175643e+00	2.571511387880053068e+00	2.828394226808298217e+00
2.400000000000000000e+02	2.710690320265976005e+00	2.575934788488360994e+00	2.845445852043591017e+00
2.410000000000000000e+02	2.703430749156012336e+00	2.561390343815714399e+00	2.845471154496310273e+00
2.420000000000000000e+02	2.632967296147950886e+00	2.487729021403550789e+00	2.778205570892350984e+00
2.430000000000000000e+02	2.678715999307036189e+00	2.519933917240266830e+00	2.837498081373805547e+00
2.440000000000000000e+02	2.648429633689845630e+00	2.537375285800136826e+00	2.759483981579554435e+00
2.450000000000000000e+02	2.596099794772829927e+00	2.462725288796170364e+00	2.729474300749489490e+00
2.460000000000000000e+02	2.646466584353913909e+00	2.508415216991727981e+00	2.784517951716099837e+00
2.470000000000000000e+02	2.459815594123088367e+00	2.313693701261368307e+00	2.605937486984808427e+00
2.480000000000000000e+02	2.544643216034852884e+00	2.411268692774954037e+00	2.678017739294751731e+00
2.490000000000000000e+02	2.435012784629375204e+00	2.321106942587360944e+00	2.548918626671389465e+00
2.500000000000000000e+02	2.546752928007780525e+00	2.419393683961081898e+00	2.674112172054479153e+00
2.510000000000000000e+02	2.471557132100298038e+00	2.326135118711890382e+00	2.616979145488705694e+00
2.520000000000000000e+02	2.439764168155086566e+00	2.311562311366669675e+00	2.567966024943503456e+00
2.530000000000000000e+02	2.405857182306863518e+00	2.262832060784111921e+00	2.548882303829615115e+00
2.540000000000000000e+02	2.409429572825598775e+00	2.282073985659577531e+00	2.536785159991620020e+00
2.550000000000000000e+02	2.419474216992805182e+00	2.303014613298600022e+00	2.535933820687010343e+00
2.560000000000000000e+02	2.347120153789025832e+00	2.238087689088044563e+00	2.456152618490007100e+00
2.570000000000000000e+02	2.335891329405739736e+00	2.239537754503553746e+00	2.432244904307925726e+00
2.580000000000000000e+02	2.296006811549704096e+00	2.146882817862480142e+00	2.445130805236928051e+00
2.590000000000000000e+02	2.282860665664599775e+00	2.177574125074414280e+00	2.388147206254785271e+00
2.600000000000000000e+02	2.308579310000244966e+00	2.192780889246857878e+00	2.424377730753632054e+00
2.610000000000000000e+02	2.195656472495570277e+00	2.083188754336911863e+00	2.308124190654228691e+00
2.620000000000000000e+02	2.289600236783144727e+00	2.167391793093139452e+00	2.411808680473150002e+00
2.630000000000000000e+02	2.221121537307274796e+00	2.102344685979224082e+00	2.339898388635325510e+00
2.640000000000000000e+02	2.216047495985637106e+00	2.106137534353248686e+00	2.325957457618025526e+00
2.650000000000000000e+02	2.153515145782123330e+00	2.033678277508317311e+00	2.273352014055929349e+00
2.660000000000000000e+02	2.085444815455909762e+00	1.969752726707945323e+00	2.201136904203873979e+00
2.670000000000000000e+02	2.216324411624760682e+00	2.098915117227904137e+00	2.333733706021617227e+00
2.680000000000000000e+02	2.132592723335431817e+00	2.022856691097196347e+00	2.242328755573667287e+00
2.690000000000000000e+02	2.120521568827603787e+00	2.027822816716356780e+00	2.213220320938850794e+00
2.700000000000000000e+02	2.061586509993729166e+00	1.943075813092218107e+00	2.180097206895240003e+00
2.710000000000000000e+02	2.035113480410316367e+00	1.922644550903592542e+00	2.147582409917040192e+00
2.720000000000000000e+02	2.088334457223036900e+00	1.963975795768080568e+00	2.212693118677993454e+00
2.730000000000000000e+02	2.000380924920197145e+00	1.897166299602963013e+00	2.103595550237431056e+00
2.740000000000000000e+02	2.044492053979174440e+00	1.931059758930952164e+00	2.157924349027396715e+00
2.750000000000000000e+02	1.997979058668296393e+00	1.885668405563159844e+00	2.110289711773432941e+00
2.760000000000000000e+02	1.978736132166555528e+00	1.861726799257825471e+00	2.095745465075285363e+00
2.770000000000000000e+02	2.016823716610272488e+00	1.903840283537144629e+00	2.129807149683400347e+00
2.780000000000000000e+02	1.904533213458535768e+00	1.800360389195172051e+00	2.008706037721899484e+00
2.790000000000000000e+02	1.888613138968342486e+00	1.778810973121561778e+00	1.998415304815123195e+00
2.800000000000000000e+02	1.978023602253586866e+00	1.857392881989227806e+00	2.098654322517945925e+00
2.810000000000000000e+02	1.888226007312240329e+00	1.783361174063228249e+00	1.993090840561252408e+00
2.820000000000000000e+02	1.884765481720123370e+00	1.778962441876939859e+00	1.990568521563306881e+00
2.830000000000000000e+02	1.820168589284336669e+00	1.733150636317863480e+00	1.907186542250809858e+00
2.840000000000000000e+02	1.868286444702416782e+00	1.776551614581819205e+00	1.960021274823014359e+00
2.850000000000000000e+02	1.819568243551412889e+00	1.718764863934805653e+00	1.920371623168020125e+00
2.860000000000000000e+02	1.793839818387878315e+00	1.693352323576825524e+00	1.894327313198931106e+00
2.870000000000000000e+02	1.789003833242021058e+00	1.689671789676537417e+00	1.888335876807504699e+00
2.880000000000000000e+02	1.778693847443876264e+00	1.698221933312932475e+00	1.859165761574820053e+00
2.890000000000000000e+02	1.801425907012639938e+00	1.704369404320961845e+00	1.898482409704318030e+00
2.900000000000000000e+02	1.719793291469589480e+00	1.620412522113583442e+00	1.819174060825595518e+00
2.910000000000000000e+02	1.757318751703664361e+00	1.652956616691067859e+00	1.861680886716260863e+00
2.920000000000000000e+02	1.723024084703527858e+00	1.624508558507393952e+00	1.821539610899661765e+00
2.930000000000000000e+02	1.738061935078867526e+00	1.653727360737202279e+00	1.822396509420532773e+00
2.940000000000000000e+02	1.706863262311129947e+00	1.625001441939246005e+00	1.788725082683013889e+00
2.950000000000000000e+02	1.645942414078940264e+00	1.555357477845205505e+00	1.736527350312675022e+00
2.960000000000000000e+02	1.655094230556785728e+00	1.576546279097222225e+00	1.733642182016349231e+00
2.970000000000000000e+02	1.651231274940248461e+00	1.557326851384656541e+00	1.745135698495840382e+00
2.980000000000000000e+02	1.646386555702863852e+00	1.555220709649494770e+00	1.737552401756232934e+00
2.990000000000000000e+02	1.610760030266568110e+00	1.519629385483210804e+00	1.701890675049925417e+00
3.000000000000000000e+02	1.561878693888887115e+00	1.461333012750994920e+00	1.662424375026779311e+00
3.010000000000000000e+02	1.675077283592067978e+00	1.576952986796317902e+00	1.773201580387818055e+00
3.020000000000000000e+02	1.554578420751120182e+00	1.474808348946768932e+00	1.634348492555471433e+00
3.030000000000000000e+02	1.594329602245147637e+00	1.508027249277136717e+00	1.680631955213158557e+00
3.040000000000000000e+02	1.498014381212246393e+00	1.427899505539393044e+00	1.568129256885099743e+00
3.050000000000000000e+02	1.602066300640027752e+00	1.517414732078837147e+00	1.686717869201218356e+00
3.060000000000000000e+02	1.519785662623825528e+00	1.448114332418469097e+00	1.591456992829181960e+00
3.070000000000000000e+02	1.463427379006098539e+00	1.390122021778733341e+00	1.536732736233463736e+00
3.080000000000000000e+02	1.515586784335767989e+00	1.421527110700708585e+00	1.609646457970827393e+00
3.090000000000000000e+02	1.494917451591732727e+00	1.412160161927613622e+00	1.577674741255851831e+00
3.100000000000000000e+02	1.496830313929648382e+00	1.417582186795535382e+00	1.576078441063761382e+00
3.110000000000000000e+02	1.461011415903868960e+00	1.387286129159899684e+00	1.534736702647838236e+00
3.120000000000000000e+02	1.412102952377497722e+00	1.339605774294921225e+00	1.484600130460074219e+00
3.130000000000000000e+02	1.494837887740682492e+00	1.435158898077057099e+00	1.554516877404307884e+00
3.140000000000000000e+02	1.396032469628345707e+00	1.333633230965975525e+00	1.458431708290715889e+00
3.150000000000000000e+02	1.427664066992581304e+00	1.366620088716822945e+00	1.488708045268339664e+00
3.160000000000000000e+02	1.365454466330060956e+00	1.298103665682312391e+00	1.432805266977809522e+00
3.170000000000000000e+02	1.359074634480315735e+00	1.292770791055014801e+00	1.425378477905616670e+00
3.180000000000000000e+02	1.433742881103736933e+00	1.367332687158135718e+00	1.500153075049338147e+00
3.190000000000000000e+02	1.333580678650243101e+00	1.262302694074380449e+00	1.404858663226105753e+00
3.200000000000000000e+02	1.370989016662726101e+00	1.306042186972447672e+00	1.435935846353004530e+00
3.210000000000000000e+02	1.329730976167517786e+00	1.271972120108072923e+00	1.387489832226962649e+00
3.220000000000000000e+02	1.332607150116182249e+00	1.255452271752290683e+00	1.409762028480073814e+00
3.230000000000000000e+02	1.312851823006197183e+00	1.241037023668544848e+00	1.384666622343849518e+00
3.240000000000000000e+02	1.291148647991346987e+00	1.224806414172909808e+00	1.357490881809784167e+00
3.250000000000000000e+02	1.305436425407215273e+00	1.231790419901711342e+00	1.379082430912719204e+00
3.260000000000000000e+02	1.300900098601771138e+00	1.231653560327045982e+00	1.370146636876496293e+00
3.270000000000000000e+02	1.275262442752614467e+00	1.202095540399241713e+00	1.348429345105987220e+00
3.280000000000000000e+02	1.255820348030157740e+00	1.197720150599792310e+00	1.313920545460523170e+00
3.290000000000000000e+02	1.203095572854172124e+00	1.138185769568054839e+00	1.268005376140289409e+00
3.300000000000000000e+02	1.274687264530250941e+00	1.204807900821245781e+00	1.344566628239256101e+00
3.310000000000000000e+02	1.214792157301829212e+00	1.145577179828812131e+00	1.284007134774846293e+00
3.320000000000000000e+02	1.195307327868808001e+00	1.133185243541038112e+00	1.257429412196577889e+00
3.330000000000000000e+02	1.189826550437375285e+00	1.129423750513864455e+00	1.250229350360886116e+00
3.340000000000000000e+02	1.186997855633132648e+00	1.118487752605999308e+00	1.255507958660265988e+00
3.350000000000000000e+02	1.224529916304710531e+00	1.160270531520370518e+00	1.288789301089050543e+00
3.360000000000000000e+02	1.149458004919555298e+00	1.088267020692532894e+00	1.210648989146577703e+00
3.370000000000000000e+02	1.171771645055030620e+00	1.105884811529497913e+00	1.237658478580563326e+00
3.380000000000000000e+02	1.152246753924260680e+00	1.087638373762103594e+00	1.216855134086417767e+00
3.390000000000000000e+02	1.153734910769125488e+00	1.091128475534099751e+00	1.216341346004151225e+00
3.400000000000000000e+02	1.142669953593778542e+00	1.082937215565286548e+00	1.202402691622270536e+00
3.410000000000000000e+02	1.099697315837709688e+00	1.047760256282914693e+00	1.151634375392504683e+00
3.420000000000000000e+02	1.140229642900189910e+00	1.082467455673143064e+00	1.197991830127236756e+00
3.430000000000000000e+02	1.094667295420504782e+00	1.038281469688330905e+00	1.151053121152678660e+00
3.440000000000000000e+02	1.117058252005457941e+00	1.060076308878420637e+00	1.174040195132495246e+00
3.450000000000000000e+02	1.082858676747619375e+00	1.029709442394278751e+00	1.136007911100959999e+00
3.460000000000000000e+02	1.041447503038143152e+00	9.846931104216769537e-01	1.098201895654609350e+00
3.470000000000000000e+02	1.059534895951928624e+00	9.990755962634061405e-01	1.119994195640451107e+00
3.480000000000000000e+02	1.058911787890378875e+00	1.001336787398103390e+00	1.116486788382654360e+00
3.490000000000000000e+02	1.067927900689017884e+00	1.002789180985369955e+00	1.133066620392665813e+00
3.500000000000000000e+02	1.033816348821216202e+00	9.817613414205487166e-01	1.085871356221883577e+00
3.510000000000000000e+02	1.022105841832185114e+00	9.574204015894154374e-01	1.086791282074954790e+00
3.520000000000000000e+02	1.031860753029338662e+00	9.678803251719907408e-01	1.095841180886686583e+00
3.530000000000000000e+02	9.858559594738346421e-01	9.352478938092458893e-01	1.036464025138423395e+00
3.540000000000000000e+02	1.013587413784638569e+00	9.578240946452132309e-01	1.069350732924063907e+00
3.550000000000000000e+02	9.753018933601304008e-01	9.172669564978483958e-01	1.033336830222412406e+00
3.560000000000000000e+02	9.990118944341740415e-01	9.443001305709398663e-01	1.053723658297408106e+00
3.570000000000000000e+02	9.732753251122343574e-01	9.172167784470589558e-01	1.029333871777409648e+00
3.580000000000000000e+02	9.372334320944806230e-01	8.877060591904996079e-01	9.867608049984616381e-01
3.590000000000000000e+02	9.798463694331930318e-01	9.243479664511976557e-01	1.035344772415188519e+00
3.600000000000000000e+02	9.417812946240871064e-01	8.910409933348510947e-01	9.925215959133231181e-01
3.610000000000000000e+02	9.515173200350431904e-01	8.968020194062927830e-01	1.006232620663793709e+00
3.620000000000000000e+02	9.281575728689885896e-01	8.796374304024059398e-01	9.766777153355712393e-01
3.630000000000000000e+02	9.246190531662586976e-01	8.764080385212661417e-01	9.728300678112512534e-01
3.640000000000000000e+02	9.105403515555370308e-01	8.590358771595212328e-01	9.620448259515528289e-01
3.650000000000000000e+02	9.003142848980303370e-01	8.489798075332977145e-01	9.516487622627629595e-01
3.660000000000000000e+02	9.056179371456264393e-01	8.604945377312279708e-01	9.507413365600249078e-01
3.670000000000000000e+02	8.940543670790290776e-01	8.448237284584290130e-01	9.432850056996291421e-01
3.680000000000000000e+02	8.842271613156168497e-01	8.344995345430217260e-01	9.339547880882119735e-01
3.690000000000000000e+02	8.855831003330701945e-01	8.353517082063941501e-01	9.358144924597462389e-01
3.700000000000000000e+02	8.594268606909889474e-01	8.082640681622714762e-01	9.105896532197064186e-01
3.710000000000000000e+02	8.691312492376455090e-01	8.168873439447932316e-01	9.213751545304977864e-01
3.720000000000000000e+02	8.268013166353230803e-01	7.800403361027469229e-01	8.735622971678992377e-01
3.730000000000000000e+02	8.793275009948764431e-01	8.367960280352052527e-01	9.218589739545476336e-01
3.740000000000000000e+02	8.363189896804945622e-01	7.853519187778020827e-01	8.872860605831870418e-01
3.750000000000000000e+02	8.246502061062380706e-01	7.858989470178492365e-01	8.634014651946269048e-01
3.760000000000000000e+02	8.331101608597419883e-01	7.861758268132941208e-01	8.800444949061898559e-01
3.770000000000000000e+02	8.115802386136041768e-01	7.663778122409444782e-01	8.567826649862638755e-01
3.780000000000000000e+02	8.076430115415490496e-01	7.595904748379938010e-01	8.556955482451042982e-01
3.790000000000000000e+02	7.929842958062860436e-01	7.531178075382956028e-01	8.328507840742764845e-01
3.800000000000000000e+02	7.979981793700692272e-01	7.498582762649559363e-01	8.461380824751825180e-01
3.810000000000000000e+02	7.887303255810675928e-01	7.465628993707718042e-01	8.308977517913633815e-01
3.820000000000000000e+02	7.801422209190819190e-01	7.312422303443187888e-01	8.290422114938450493e-01
3.830000000000000000e+02	7.738100659782483071e-01	7.329747043737010470e-01	8.146454275827955671e-01
3.840000000000000000e+02	7.518640969956301712e-01	7.095365821798741424e-01	7.941916118113862000e-01
3.850000000000000000e+02	7.608523838644294379e-01	7.196442108920204639e-01	8.020605568368384120e-01
3.860000000000000000e+02	7.738957394156673608e-01	7.306100580736335504e-01	8.171814207577011713e-01
3.870000000000000000e+02	7.523259370443687866e-01	7.078316499771400983e-01	7.968202241115974749e-01
3.880000000000000000e+02	7.531144097680553262e-01	7.097318640294721925e-01	7.964969555066384599e-01
3.890000000000000000e+02	7.135624841505584515e-01	6.718123083738409829e-01	7.553126599272759201e-01
3.900000000000000000e+02	7.443415329362094157e-01	6.991870932380638282e-01	7.894959726343550033e-01
3.910000000000000000e+02	7.362412714973736172e-01	6.983380262578240405e-01	7.741445167369231939e-01
3.920000000000000000e+02	7.148720776804577959e-01	6.734619225739610915e-01	7.562822327869545003e-01
3.930000000000000000e+02	7.025159725142912093e-01	6.579834757791591660e-01	7.470484692494232526e-01
3.940000000000000000e+02	7.064730398406018352e-01	6.693212065229542374e-01	7.436248731582494331e-01
3.950000000000000000e+02	7.075493018298675274e-01	6.627912320498292598e-01	7.523073716099057950e-01
3.960000000000000000e+02	6.801596268575329507e-01	6.387670172653527878e-01	7.215522364497131136e-01
3.970000000000000000e+02	6.845941266348405385e-01	6.477155560341232299e-01	7.214726972355578472e-01
3.980000000000000000e+02	6.882621331241520757e-01	6.478095491704588538e-01	7.287147170778452976e-01
3.990000000000000000e+02	6.720508069713896360e-01	6.380745725107952460e-01	7.060270414319840260e-01
4.000000000000000000e+02	6.898397412925725281e-01	6.499233453509507541e-01	7.297561372341943020e-01
4.010000000000000000e+02	6.451001794895444563e-01	6.041042787244578216e-01	6.860960802546310910e-01
4.020000000000000000e+02	6.710619822133822021e-01	6.328652373371722595e-01	7.092587270895921447e-01
4.030000000000000000e+02	6.539418070352556178e-01	6.143259041673121423e-01	6.935577099031990933e-01
4.040000000000000000e+02	6.511710501665548545e-01	6.146738571597144540e-01	6.876682431733952550e-01
4.050000000000000000e+02	6.423981487394985201e-01	6.055789068325632130e-01	6.792173906464338273e-01
4.060000000000000000e+02	6.204584141083521187e-01	5.832099890042178325e-01	6.577068392124864049e-01
4.070000000000000000e+02	6.626158246017703757e-01	6.272156307012966003e-01	6.980160185022441510e-01
4.080000000000000000e+02	6.082753663899589380e-01	5.733197626964451343e-01	6.432309700834727417e-01
4.090000000000000000e+02	6.399044124918916721e-01	6.076398111747102204e-01	6.721690138090731237e-01
4.100000000000000000e+02	6.085274638293610705e-01	5.697860528999364460e-01	6.472688747587856950e-01
4.110000000000000000e+02	6.030756707407993744e-01	5.721284241741149135e-01	6.340229173074838354e-01
4.120000000000000000e+02	6.215499793279046781e-01	5.924228772125597065e-01	6.506770814432496497e-01
4.130000000000000000e+02	5.874114440003636028e-01	5.546834210242940211e-01	6.201394669764331846e-01
4.140000000000000000e+02	5.938204178388720722e-01	5.599848057404215318e-01	6.276560299373226126e-01
4.150000000000000000e+02	5.943597784792964411e-01	5.601475662192269001e-01	6.285719907393659822e-01
4.160000000000000000e+02	5.827603430465315704e-01	5.506226299351245634e-01	6.148980561579385773e-01
4.170000000000000000e+02	6.006283850555059756e-01	5.609902883683514085e-01	6.402664817426605426e-01
4.180000000000000000e+02	5.572089465992663415e-01	5.248544984662497637e-01	5.895633947322829194e-01
4.190000000000000000e+02	5.759293937826985843e-01	5.405063617383448760e-01	6.113524258270522926e-01
4.200000000000000000e+02	5.716881611105777417e-01	5.413498318890846983e-01	6.020264903320707850e-01
4.210000000000000000e+02	5.541371853912769874e-01	5.218392563355190861e-01	5.864351144470348887e-01
4.220000000000000000e+02	5.662601176700556849e-01	5.334174428491004205e-01	5.991027924910109492e-01
4.230000000000000000e+02	5.447408402426227036e-01	5.091221482868855119e-01	5.803595321983598954e-01
4.240000000000000000e+02	5.688771595863860719e-01	5.370892557193438499e-01	6.006650634534282940e-01
4.250000000000000000e+02	5.370229585927723814e-01	5.041561655763969751e-01	5.698897516091477877e-01
4.260000000000000000e+02	5.327473369704446293e-01	5.035076761433719961e-01	5.619869977975172626e-01
4.270000000000000000e+02	5.388101284097772670e-01	5.071489085640982220e-01	5.704713482554563120e-01
4.280000000000000000e+02	5.249075879961740965e-01	4.941295115780760527e-01	5.556856644142721402e-01
4.290000000000000000e+02	5.379840474226665892e-01	5.069413851356489031e-01	5.690267097096842752e-01
4.300000000000000000e+02	5.219577877383907438e-01	4.904304989863699782e-01	5.534850764904115650e-01
4.310000000000000000e+02	5.142489022606305804e-01	4.855074990686252256e-01	5.429903054526359352e-01
4.320000000000000000e+02	5.225354520491395371e-01	4.948388760221354987e-01	5.502320280761435756e-01
4.330000000000000000e+02	5.090883812641218142e-01	4.812999942808492415e-01	5.368767682473943870e-01
4.340000000000000000e+02	5.141995339019945765e-01	4.841210161122218025e-01	5.442780516917673506e-01
4.350000000000000000e+02	4.991496290361203680e-01	4.741689840380788890e-01	5.241302740341617916e-01
4.360000000000000000e+02	5.058572132549907785e-01	4.760199025917065119e-01	5.356945239182749896e-01
4.370000000000000000e+02	4.913823331483934131e-01	4.671227950535004614e-01	5.156418712432864204e-01
4.380000000000000000e+02	4.890698548796189038e-01	4.582437443465305349e-01	5.198959654127072172e-01
4.390000000000000000e+02	4.877273195193960742e-01	4.616407101996651829e-01	5.138139288391270210e-01
4.400000000000000000e+02	4.794266812590602389e-01	4.501798229281743224e-01	5.086735395899460999e-01
4.410000000000000000e+02	5.006433570935366895e-01	4.728262327932372666e-01	5.284604813938361678e-01
4.420000000000000000e+02	4.710107393029961398e-01	4.416338489642228637e-01	5.003876296417694158e-01
4.430000000000000000e+02	4.778594098251064404e-01	4.512980259335601652e-01	5.044207937166527156e-01
4.440000000000000000e+02	4.605719406565753626e-01	4.349980790083960436e-01	4.861458023047546817e-01
4.450000000000000000e+02	4.744035555905731782e-01	4.544091031721594898e-01	4.943980080089868667e-01
4.460000000000000000e+02	4.576814572927602742e-01	4.326881048182511513e-01	4.826748097672693971e-01
4.470000000000000000e+02	4.642970631248634628e-01	4.376072636609868449e-01	4.909868625887400806e-01
4.480000000000000000e+02	4.624659932928452122e-01	4.358989097567632642e-01	4.890330768289271601e-01
4.490000000000000000e+02	4.561809293691927447e-01	4.325296703398353038e-01	4.798321883985501857e-01
4.500000000000000000e+02	4.501462712315136283e-01	4.250760055453008945e-01	4.752165369177263621e-01
4.510000000000000000e+02	4.418388649984623107e-01	4.167086784920677744e-01	4.669690515048568469e-01
4.520000000000000000e+02	4.375758790883839122e-01	4.125012336479720876e-01	4.626505245287957369e-01
4.530000000000000000e+02	4.490005421637331962e-01	4.235353585571913770e-01	4.744657257702750153e-01
4.540000000000000000e+02	4.359787489213666767e-01	4.130509906069866344e-01	4.589065072357467190e-01
4.550000000000000000e+02	4.406212665001523199e-01	4.127134625921478062e-01	4.685290704081568336e-01
4.560000000000000000e+02	4.268597725179715252e-01	4.009252418394129713e-01	4.527943031965300791e-01
4.570000000000000000e+02	4.309556194602697787e-01	4.069022855061923960e-01	4.550089534143471615e-01
4.580000000000000000e+02	4.348172312300055409e-01	4.109066490669786020e-01	4.587278133930324797e-01
4.590000000000000000e+02	4.229558208640554762e-01	3.973710522254927380e-01	4.485405895026182144e-01
4.600000000000000000e+02	4.298751990718542859e-01	4.053515156124521956e-01	4.543988825312563762e-01
4.610000000000000000e+02	4.082741747060746329e-01	3.858330392827574173e-01	4.307153101293918485e-01
4.620000000000000000e+02	4.268376495462605780e-01	3.990282150997184196e-01	4.546470839928027363e-01
4.630000000000000000e+02	4.168857255387502514e-01	3.957725929470026771e-01	4.379988581304978257e-01
4.640000000000000000e+02	4.006353216141806950e-01	3.766412748041172986e-01	4.246293684242440913e-01
4.650000000000000000e+02	4.116059336506537880e-01	3.875148376524593652e-01	4.356970296488482108e-01
4.660000000000000000e+02	4.025866555717277362e-01	3.796387231476803237e-01	4.255345879957751487e-01
4.670000000000000000e+02	4.073865332696760544e-01	3.828615772777746451e-01	4.319114892615774637e-01
4.680000000000000000e+02	3.962271821575722441e-01	3.727639736463922437e-01	4.196903906687522445e-01
4.690000000000000000e+02	3.887085524735534592e-01	3.677184241270272658e-01	4.096986808200796526e-01
4.700000000000000000e+02	4.052438835302247244e-01	3.815445511508304688e-01	4.289432159096189801e-01
4.710000000000000000e+02	3.930287756439651004e-01	3.695761206588075720e-01	4.164814306291226287e-01
4.720000000000000000e+02	4.020404523746218817e-01	3.754322997948312812e-01	4.286486049544124821e-01
4.730000000000000000e+02	3.827319897884405853e-01	3.577532527544020624e-01	4.077107268224791081e-01
4.740000000000000000e+02	3.858964609086786846e-01	3.605580924645000462e-01	4.112348293528573229e-01
4.750000000000000000e+02	3.925286129238678701e-01	3.676865178168598480e-01	4.173707080308758921e-01
4.760000000000000000e+02	3.746673780137680376e-01	3.537240755634434297e-01	3.956106804640926455e-01
4.770000000000000000e+02	3.822822686836129247e-01	3.597249369559317178e-01	4.048396004112941315e-01
4.780000000000000000e+02	3.723558517808337465e-01	3.543863262789659352e-01	3.903253772827015577e-01
4.790000000000000000e+02	3.792831460319559533e-01	3.593680020187548507e-01	3.991982900451570559e-01
4.800000000000000000e+02	3.779866134363529806e-01	3.548676688334033158e-01	4.011055580393026454e-01
4.810000000000000000e+02	3.688501484395876329e-01	3.482910366203758046e-01	3.894092602587994612e-01
4.820000000000000000e+02	3.765968504061122935e-01	3.553384030176577890e-01	3.978552977945667979e-01
4.830000000000000000e+02	3.683262897448003059e-01	3.462195090372878203e-01	3.904330704523127915e-01
4.840000000000000000e+02	3.745294226720183306e-01	3.523724084275357549e-01	3.966864369165009063e-01
4.850000000000000000e+02	3.675628885493200104e-01	3.449091543122572712e-01	3.902166227863827497e-01
4.860000000000000000e+02	3.607490644882898057e-01	3.364872863314247176e-01	3.850108426451548937e-01
4.870000000000000000e+02	3.704536181814531148e-01	3.488545483681055881e-01	3.920526879948006416e-01
4.880000000000000000e+02	3.574515583258167095e-01	3.354042107968802089e-01	3.794989058547532101e-01
4.890000000000000000e+02	3.582072311088325134e-01	3.354341480689214117e-01	3.809803141487436151e-01
4.900000000000000000e+02	3.625625797468615130e-01	3.416526048861435183e-01	3.834725546075795077e-01
4.910000000000000000e+02	3.619157576796044329e-01	3.400606297676762035e-01	3.837708855915326622e-01
4.920000000000000000e+02	3.567322309606517083e-01	3.352870155547215680e-01	3.781774463665818486e-01
4.930000000000000000e+02	3.500422357619137892e-01	3.298996475795660799e-01	3.701848239442614985e-01
4.940000000000000000e+02	3.569824961162176291e-01	3.350009900678252994e-01	3.789640021646099588e-01
4.950000000000000000e+02	3.495192132268143403e-01	3.291470697362851583e-01	3.698913567173435224e-01
4.960000000000000000e+02	3.586922625328364256e-01	3.377177636560805829e-01	3.796667614095922683e-01
4.970000000000000000e+02	3.507081638918123079e-01	3.303048751256900117e-01	3.711114526579346040e-01
4.980000000000000000e+02	3.477753780795677652e-01	3.280127193823863530e-01	3.675380367767491774e-01
4.990000000000000000e+02	3.526274731587627498e-01	3.308975274480644435e-01	3.743574188694610561e-01
5.000000000000000000e+02	3.516363111128814056e-01	3.286902328053909472e-01	3.745823894203718640e-01
5.010000000000000000e+02	3.581347091303470620e-01	3.357100001912545206e-01	3.805594180694396034e-01
5.020000000000000000e+02	3.522295231118918735e-01	3.290776528862785488e-01	3.753813933375051981e-01
5.030000000000000000e+02	3.539509752126275277e-01	3.343500881256738499e-01	3.735518622995812055e-01
5.040000000000000000e+02	3.630638165359131864e-01	3.422175118694815721e-01	3.839101212023448007e-01
5.050000000000000000e+02	3.653793557648542523e-01	3.435767845978046631e-01	3.871819269319038415e-01
5.060000000000000000e+02	3.684984152376527544e-01	3.454963273909388288e-01	3.915005030843666800e-01
5.070000000000000000e+02	3.652577901637449331e-01	3.432308682491670426e-01	3.872847120783228236e-01
5.080000000000000000e+02	3.910020263228126125e-01	3.663968966950187922e-01	4.156071559506064328e-01
5.090000000000000000e+02	3.919649663783262850e-01	3.679298819824182165e-01	4.160000507742343534e-01
5.100000000000000000e+02	4.031389529791474802e-01	3.756634412545019064e-01	4.306144647037930540e-01
